Alignment Matrix
+-----+-----+-----+-----+-----+-----+-----+-----+-----+------+------+------+------+------+------+------+------+------+------+------+------+------+------+------+------+------+------+
|   1 |   2 |   3 |   4 |   5 |   6 |   7 |   8 |   9 |   10 |   11 |   12 |   13 |   14 |   15 |   16 |   17 |   18 |   19 |   20 |   21 |   22 |   23 |   24 |   25 |   26 |   27 |
+=====+=====+=====+=====+=====+=====+=====+=====+=====+======+======+======+======+======+======+======+======+======+======+======+======+======+======+======+======+======+======+
| 1   | 1   | 1   | 0   | 3   | 5   | 0   | 0   | 0   | 0    | 0    | 0    | 0    | 1    | 1    | 1    | 3    | 1    | 5    | 0    | 0    | 0    | 0    | 5    | 5    | 3    | 0    |
+-----+-----+-----+-----+-----+-----+-----+-----+-----+------+------+------+------+------+------+------+------+------+------+------+------+------+------+------+------+------+------+
| 0   | 0   | 0   | 0   | 0   | 0   | 0   | 0   | 0   | 1    | 0    | 0    | 1    | 0    | 0    | 0    | 0    | 0    | 0    | 0    | 0    | 0    | 0    | 0    | 0    | 0    | 0    |
+-----+-----+-----+-----+-----+-----+-----+-----+-----+------+------+------+------+------+------+------+------+------+------+------+------+------+------+------+------+------+------+
| 1   | 0   | 0   | 0   | 0   | 0   | 5   | 0   | 0   | 0    | 0    | 0    | 0    | 0    | 0    | 0    | 1    | 0    | 0    | 0    | 1    | 0    | 1    | 0    | 0    | 0    | 0    |
+-----+-----+-----+-----+-----+-----+-----+-----+-----+------+------+------+------+------+------+------+------+------+------+------+------+------+------+------+------+------+------+
| 0   | 1   | 0   | 0   | 0   | 0   | 0   | 0   | 0   | 0    | 0    | 0    | 0    | 0    | 1    | 0    | 0    | 0    | 0    | 1    | 5    | 0    | 0    | 0    | 0    | 0    | 0    |
+-----+-----+-----+-----+-----+-----+-----+-----+-----+------+------+------+------+------+------+------+------+------+------+------+------+------+------+------+------+------+------+
| 0   | 0   | 0   | 0   | 0   | 0   | 0   | 0   | 0   | 0    | 0    | 0    | 0    | 0    | 0    | 0    | 0    | 0    | 0    | 0    | 0    | 1    | 0    | 0    | 0    | 0    | 0    |
+-----+-----+-----+-----+-----+-----+-----+-----+-----+------+------+------+------+------+------+------+------+------+------+------+------+------+------+------+------+------+------+
| 0   | 0   | 0   | 0   | 0   | 0   | 0   | 1   | 0   | 0    | 0    | 0    | 2    | 0    | 0    | 4    | 2    | 0    | 0    | 5    | 0    | 0    | 4    | 0    | 0    | 0    | 0    |
+-----+-----+-----+-----+-----+-----+-----+-----+-----+------+------+------+------+------+------+------+------+------+------+------+------+------+------+------+------+------+------+
| 0   | 0   | 0   | 0   | 0   | 0   | 0   | 0   | 1   | 2    | 0    | 0    | 0    | 0    | 0    | 0    | 1    | 2    | 0    | 0    | 0    | 0    | 0    | 0    | 0    | 0    | 0    |
+-----+-----+-----+-----+-----+-----+-----+-----+-----+------+------+------+------+------+------+------+------+------+------+------+------+------+------+------+------+------+------+
| 0   | 0   | 0   | 0   | 1   | 0   | 0   | 0   | 0   | 0    | 1    | 0    | 0    | 0    | 0    | 0    | 0    | 1    | 0    | 0    | 1    | 0    | 0    | 0    | 0    | 0    | 0    |
+-----+-----+-----+-----+-----+-----+-----+-----+-----+------+------+------+------+------+------+------+------+------+------+------+------+------+------+------+------+------+------+
| 0   | 1   | 0   | 0   | 0   | 0   | 1   | 4   | 0   | 0    | 1    | 7    | 1    | 5    | 0    | 1    | 0    | 1    | 0    | 0    | 0    | 1    | 0    | 0    | 0    | 0    | 0    |
+-----+-----+-----+-----+-----+-----+-----+-----+-----+------+------+------+------+------+------+------+------+------+------+------+------+------+------+------+------+------+------+
| 0   | 1   | 5   | 1   | 0   | 1   | 0   | 0   | 0   | 0    | 0    | 0    | 0    | 1    | 0    | 1    | 0    | 0    | 1    | 1    | 0    | 0    | 1    | 1    | 0    | 0    | 0    |
+-----+-----+-----+-----+-----+-----+-----+-----+-----+------+------+------+------+------+------+------+------+------+------+------+------+------+------+------+------+------+------+
| 5   | 0   | 0   | 0   | 0   | 0   | 0   | 0   | 0   | 0    | 0    | 0    | 0    | 0    | 0    | 0    | 0    | 0    | 0    | 0    | 0    | 0    | 0    | 0    | 0    | 0    | 0    |
+-----+-----+-----+-----+-----+-----+-----+-----+-----+------+------+------+------+------+------+------+------+------+------+------+------+------+------+------+------+------+------+
| 0   | 0   | 0   | 0   | 0   | 0   | 0   | 0   | 0   | 4    | 0    | 0    | 0    | 0    | 0    | 0    | 0    | 2    | 0    | 0    | 0    | 0    | 0    | 0    | 1    | 1    | 0    |
+-----+-----+-----+-----+-----+-----+-----+-----+-----+------+------+------+------+------+------+------+------+------+------+------+------+------+------+------+------+------+------+
| 0   | 0   | 0   | 1   | 2   | 0   | 0   | 1   | 1   | 0    | 0    | 0    | 0    | 0    | 0    | 0    | 0    | 0    | 1    | 0    | 0    | 1    | 0    | 0    | 0    | 0    | 0    |
+-----+-----+-----+-----+-----+-----+-----+-----+-----+------+------+------+------+------+------+------+------+------+------+------+------+------+------+------+------+------+------+
| 0   | 0   | 0   | 0   | 0   | 0   | 0   | 0   | 0   | 0    | 0    | 0    | 0    | 0    | 0    | 0    | 0    | 0    | 0    | 0    | 0    | 0    | 0    | 0    | 0    | 0    | 0    |
+-----+-----+-----+-----+-----+-----+-----+-----+-----+------+------+------+------+------+------+------+------+------+------+------+------+------+------+------+------+------+------+
| 0   | 0   | 1   | 0   | 0   | 1   | 0   | 0   | 0   | 0    | 0    | 0    | 0    | 0    | 0    | 0    | 0    | 0    | 0    | 0    | 0    | 0    | 0    | 0    | 0    | 0    | 0    |
+-----+-----+-----+-----+-----+-----+-----+-----+-----+------+------+------+------+------+------+------+------+------+------+------+------+------+------+------+------+------+------+
| 0   | 0   | 0   | 5   | 1   | 0   | 0   | 0   | 0   | 0    | 0    | 0    | 3    | 0    | 1    | 0    | 0    | 0    | 0    | 0    | 0    | 0    | 0    | 1    | 0    | 1    | 2    |
+-----+-----+-----+-----+-----+-----+-----+-----+-----+------+------+------+------+------+------+------+------+------+------+------+------+------+------+------+------+------+------+
| 0   | 0   | 0   | 0   | 0   | 0   | 1   | 1   | 4   | 0    | 0    | 0    | 0    | 0    | 0    | 0    | 0    | 0    | 0    | 0    | 0    | 0    | 0    | 0    | 1    | 2    | 0    |
+-----+-----+-----+-----+-----+-----+-----+-----+-----+------+------+------+------+------+------+------+------+------+------+------+------+------+------+------+------+------+------+
| 0   | 3   | 0   | 0   | 0   | 0   | 0   | 0   | 0   | 0    | 5    | 0    | 0    | 0    | 4    | 0    | 0    | 0    | 0    | 0    | 0    | 0    | 0    | 0    | 0    | 0    | 1    |
+-----+-----+-----+-----+-----+-----+-----+-----+-----+------+------+------+------+------+------+------+------+------+------+------+------+------+------+------+------+------+------+
| 0   | 0   | 0   | 0   | 0   | 0   | 0   | 0   | 0   | 0    | 0    | 0    | 0    | 0    | 0    | 0    | 0    | 0    | 0    | 0    | 0    | 1    | 1    | 0    | 0    | 0    | 4    |
+-----+-----+-----+-----+-----+-----+-----+-----+-----+------+------+------+------+------+------+------+------+------+------+------+------+------+------+------+------+------+------+
| 0   | 0   | 0   | 0   | 0   | 0   | 0   | 0   | 1   | 0    | 0    | 0    | 0    | 0    | 0    | 0    | 0    | 0    | 0    | 0    | 0    | 3    | 0    | 0    | 0    | 0    | 0    |
+-----+-----+-----+-----+-----+-----+-----+-----+-----+------+------+------+------+------+------+------+------+------+------+------+------+------+------+------+------+------+------+


Weight Matrix
+-------+-------+-------+-------+-------+-------+-------+-------+-------+-------+-------+-------+-------+-------+-------+-------+-------+-------+-------+-------+-------+-------+-------+-------+-------+-------+-------+
|     1 |     2 |     3 |     4 |     5 |     6 |     7 |     8 |     9 |    10 |    11 |    12 |    13 |    14 |    15 |    16 |    17 |    18 |    19 |    20 |    21 |    22 |    23 |    24 |    25 |    26 |    27 |
+=======+=======+=======+=======+=======+=======+=======+=======+=======+=======+=======+=======+=======+=======+=======+=======+=======+=======+=======+=======+=======+=======+=======+=======+=======+=======+=======+
| 0.97  | 0.97  | 0.97  | -2.08 | 2.03  | 2.54  | -2.08 | -2.08 | -2.08 | -2.08 | -2.08 | -2.08 | -2.08 | 0.97  | 0.97  | 0.97  | 2.03  | 0.97  | 2.54  | -2.08 | -2.08 | -2.08 | -2.08 | 2.54  | 2.54  | 2.03  | -2.08 |
+-------+-------+-------+-------+-------+-------+-------+-------+-------+-------+-------+-------+-------+-------+-------+-------+-------+-------+-------+-------+-------+-------+-------+-------+-------+-------+-------+
| -2.08 | -2.08 | -2.08 | -2.08 | -2.08 | -2.08 | -2.08 | -2.08 | -2.08 | 0.97  | -2.08 | -2.08 | 0.97  | -2.08 | -2.08 | -2.08 | -2.08 | -2.08 | -2.08 | -2.08 | -2.08 | -2.08 | -2.08 | -2.08 | -2.08 | -2.08 | -2.08 |
+-------+-------+-------+-------+-------+-------+-------+-------+-------+-------+-------+-------+-------+-------+-------+-------+-------+-------+-------+-------+-------+-------+-------+-------+-------+-------+-------+
| 0.97  | -2.08 | -2.08 | -2.08 | -2.08 | -2.08 | 2.54  | -2.08 | -2.08 | -2.08 | -2.08 | -2.08 | -2.08 | -2.08 | -2.08 | -2.08 | 0.97  | -2.08 | -2.08 | -2.08 | 0.97  | -2.08 | 0.97  | -2.08 | -2.08 | -2.08 | -2.08 |
+-------+-------+-------+-------+-------+-------+-------+-------+-------+-------+-------+-------+-------+-------+-------+-------+-------+-------+-------+-------+-------+-------+-------+-------+-------+-------+-------+
| -2.08 | 0.97  | -2.08 | -2.08 | -2.08 | -2.08 | -2.08 | -2.08 | -2.08 | -2.08 | -2.08 | -2.08 | -2.08 | -2.08 | 0.97  | -2.08 | -2.08 | -2.08 | -2.08 | 0.97  | 2.54  | -2.08 | -2.08 | -2.08 | -2.08 | -2.08 | -2.08 |
+-------+-------+-------+-------+-------+-------+-------+-------+-------+-------+-------+-------+-------+-------+-------+-------+-------+-------+-------+-------+-------+-------+-------+-------+-------+-------+-------+
| -2.08 | -2.08 | -2.08 | -2.08 | -2.08 | -2.08 | -2.08 | -2.08 | -2.08 | -2.08 | -2.08 | -2.08 | -2.08 | -2.08 | -2.08 | -2.08 | -2.08 | -2.08 | -2.08 | -2.08 | -2.08 | 0.97  | -2.08 | -2.08 | -2.08 | -2.08 | -2.08 |
+-------+-------+-------+-------+-------+-------+-------+-------+-------+-------+-------+-------+-------+-------+-------+-------+-------+-------+-------+-------+-------+-------+-------+-------+-------+-------+-------+
| -2.08 | -2.08 | -2.08 | -2.08 | -2.08 | -2.08 | -2.08 | 0.97  | -2.08 | -2.08 | -2.08 | -2.08 | 1.63  | -2.08 | -2.08 | 2.32  | 1.63  | -2.08 | -2.08 | 2.54  | -2.08 | -2.08 | 2.32  | -2.08 | -2.08 | -2.08 | -2.08 |
+-------+-------+-------+-------+-------+-------+-------+-------+-------+-------+-------+-------+-------+-------+-------+-------+-------+-------+-------+-------+-------+-------+-------+-------+-------+-------+-------+
| -2.08 | -2.08 | -2.08 | -2.08 | -2.08 | -2.08 | -2.08 | -2.08 | 0.97  | 1.63  | -2.08 | -2.08 | -2.08 | -2.08 | -2.08 | -2.08 | 0.97  | 1.63  | -2.08 | -2.08 | -2.08 | -2.08 | -2.08 | -2.08 | -2.08 | -2.08 | -2.08 |
+-------+-------+-------+-------+-------+-------+-------+-------+-------+-------+-------+-------+-------+-------+-------+-------+-------+-------+-------+-------+-------+-------+-------+-------+-------+-------+-------+
| -2.08 | -2.08 | -2.08 | -2.08 | 0.97  | -2.08 | -2.08 | -2.08 | -2.08 | -2.08 | 0.97  | -2.08 | -2.08 | -2.08 | -2.08 | -2.08 | -2.08 | 0.97  | -2.08 | -2.08 | 0.97  | -2.08 | -2.08 | -2.08 | -2.08 | -2.08 | -2.08 |
+-------+-------+-------+-------+-------+-------+-------+-------+-------+-------+-------+-------+-------+-------+-------+-------+-------+-------+-------+-------+-------+-------+-------+-------+-------+-------+-------+
| -2.08 | 0.97  | -2.08 | -2.08 | -2.08 | -2.08 | 0.97  | 2.32  | -2.08 | -2.08 | 0.97  | 2.87  | 0.97  | 2.54  | -2.08 | 0.97  | -2.08 | 0.97  | -2.08 | -2.08 | -2.08 | 0.97  | -2.08 | -2.08 | -2.08 | -2.08 | -2.08 |
+-------+-------+-------+-------+-------+-------+-------+-------+-------+-------+-------+-------+-------+-------+-------+-------+-------+-------+-------+-------+-------+-------+-------+-------+-------+-------+-------+
| -2.08 | 0.97  | 2.54  | 0.97  | -2.08 | 0.97  | -2.08 | -2.08 | -2.08 | -2.08 | -2.08 | -2.08 | -2.08 | 0.97  | -2.08 | 0.97  | -2.08 | -2.08 | 0.97  | 0.97  | -2.08 | -2.08 | 0.97  | 0.97  | -2.08 | -2.08 | -2.08 |
+-------+-------+-------+-------+-------+-------+-------+-------+-------+-------+-------+-------+-------+-------+-------+-------+-------+-------+-------+-------+-------+-------+-------+-------+-------+-------+-------+
| 2.54  | -2.08 | -2.08 | -2.08 | -2.08 | -2.08 | -2.08 | -2.08 | -2.08 | -2.08 | -2.08 | -2.08 | -2.08 | -2.08 | -2.08 | -2.08 | -2.08 | -2.08 | -2.08 | -2.08 | -2.08 | -2.08 | -2.08 | -2.08 | -2.08 | -2.08 | -2.08 |
+-------+-------+-------+-------+-------+-------+-------+-------+-------+-------+-------+-------+-------+-------+-------+-------+-------+-------+-------+-------+-------+-------+-------+-------+-------+-------+-------+
| -2.08 | -2.08 | -2.08 | -2.08 | -2.08 | -2.08 | -2.08 | -2.08 | -2.08 | 2.32  | -2.08 | -2.08 | -2.08 | -2.08 | -2.08 | -2.08 | -2.08 | 1.63  | -2.08 | -2.08 | -2.08 | -2.08 | -2.08 | -2.08 | 0.97  | 0.97  | -2.08 |
+-------+-------+-------+-------+-------+-------+-------+-------+-------+-------+-------+-------+-------+-------+-------+-------+-------+-------+-------+-------+-------+-------+-------+-------+-------+-------+-------+
| -2.08 | -2.08 | -2.08 | 0.97  | 1.63  | -2.08 | -2.08 | 0.97  | 0.97  | -2.08 | -2.08 | -2.08 | -2.08 | -2.08 | -2.08 | -2.08 | -2.08 | -2.08 | 0.97  | -2.08 | -2.08 | 0.97  | -2.08 | -2.08 | -2.08 | -2.08 | -2.08 |
+-------+-------+-------+-------+-------+-------+-------+-------+-------+-------+-------+-------+-------+-------+-------+-------+-------+-------+-------+-------+-------+-------+-------+-------+-------+-------+-------+
| -2.08 | -2.08 | -2.08 | -2.08 | -2.08 | -2.08 | -2.08 | -2.08 | -2.08 | -2.08 | -2.08 | -2.08 | -2.08 | -2.08 | -2.08 | -2.08 | -2.08 | -2.08 | -2.08 | -2.08 | -2.08 | -2.08 | -2.08 | -2.08 | -2.08 | -2.08 | -2.08 |
+-------+-------+-------+-------+-------+-------+-------+-------+-------+-------+-------+-------+-------+-------+-------+-------+-------+-------+-------+-------+-------+-------+-------+-------+-------+-------+-------+
| -2.08 | -2.08 | 0.97  | -2.08 | -2.08 | 0.97  | -2.08 | -2.08 | -2.08 | -2.08 | -2.08 | -2.08 | -2.08 | -2.08 | -2.08 | -2.08 | -2.08 | -2.08 | -2.08 | -2.08 | -2.08 | -2.08 | -2.08 | -2.08 | -2.08 | -2.08 | -2.08 |
+-------+-------+-------+-------+-------+-------+-------+-------+-------+-------+-------+-------+-------+-------+-------+-------+-------+-------+-------+-------+-------+-------+-------+-------+-------+-------+-------+
| -2.08 | -2.08 | -2.08 | 2.54  | 0.97  | -2.08 | -2.08 | -2.08 | -2.08 | -2.08 | -2.08 | -2.08 | 2.03  | -2.08 | 0.97  | -2.08 | -2.08 | -2.08 | -2.08 | -2.08 | -2.08 | -2.08 | -2.08 | 0.97  | -2.08 | 0.97  | 1.63  |
+-------+-------+-------+-------+-------+-------+-------+-------+-------+-------+-------+-------+-------+-------+-------+-------+-------+-------+-------+-------+-------+-------+-------+-------+-------+-------+-------+
| -2.08 | -2.08 | -2.08 | -2.08 | -2.08 | -2.08 | 0.97  | 0.97  | 2.32  | -2.08 | -2.08 | -2.08 | -2.08 | -2.08 | -2.08 | -2.08 | -2.08 | -2.08 | -2.08 | -2.08 | -2.08 | -2.08 | -2.08 | -2.08 | 0.97  | 1.63  | -2.08 |
+-------+-------+-------+-------+-------+-------+-------+-------+-------+-------+-------+-------+-------+-------+-------+-------+-------+-------+-------+-------+-------+-------+-------+-------+-------+-------+-------+
| -2.08 | 2.03  | -2.08 | -2.08 | -2.08 | -2.08 | -2.08 | -2.08 | -2.08 | -2.08 | 2.54  | -2.08 | -2.08 | -2.08 | 2.32  | -2.08 | -2.08 | -2.08 | -2.08 | -2.08 | -2.08 | -2.08 | -2.08 | -2.08 | -2.08 | -2.08 | 0.97  |
+-------+-------+-------+-------+-------+-------+-------+-------+-------+-------+-------+-------+-------+-------+-------+-------+-------+-------+-------+-------+-------+-------+-------+-------+-------+-------+-------+
| -2.08 | -2.08 | -2.08 | -2.08 | -2.08 | -2.08 | -2.08 | -2.08 | -2.08 | -2.08 | -2.08 | -2.08 | -2.08 | -2.08 | -2.08 | -2.08 | -2.08 | -2.08 | -2.08 | -2.08 | -2.08 | 0.97  | 0.97  | -2.08 | -2.08 | -2.08 | 2.32  |
+-------+-------+-------+-------+-------+-------+-------+-------+-------+-------+-------+-------+-------+-------+-------+-------+-------+-------+-------+-------+-------+-------+-------+-------+-------+-------+-------+
| -2.08 | -2.08 | -2.08 | -2.08 | -2.08 | -2.08 | -2.08 | -2.08 | 0.97  | -2.08 | -2.08 | -2.08 | -2.08 | -2.08 | -2.08 | -2.08 | -2.08 | -2.08 | -2.08 | -2.08 | -2.08 | 2.03  | -2.08 | -2.08 | -2.08 | -2.08 | -2.08 |
+-------+-------+-------+-------+-------+-------+-------+-------+-------+-------+-------+-------+-------+-------+-------+-------+-------+-------+-------+-------+-------+-------+-------+-------+-------+-------+-------+
