Entropy: [0.23160271354075243, 0.30463609734923813, 0, 0, 1.1209503926735835, 1.159588814308626, 0, 0, 1.1685184057430877, 0.30463609734923813, 0.5859526183035508, 0.30463609734923813, 1.0335620542068176, 1.159588814308626, 0.30463609734923813, 0.9164648855394713, 0, 0.6890092384766586, 0.30463609734923813, 1.0335620542068176, 0.8855741515766717, 0.47413931305783735, 1.0335620542068176, 0.9075352941050093, 0.8855741515766717, 0, 0.8855741515766717, 0.30463609734923813, 0.30463609734923813, 0, 0.8855741515766717, 0, 0.30463609734923813, 0.30463609734923813, 1.294545165844896, 1.3667110520552042, 0.47413931305783735, 0, 0.47413931305783735, 0, 0, 0, 0, 0, 0.47413931305783735, 0, 0.6001660731596457, 0.21799047934530644, 0.30463609734923813, 0.5859526183035508, 0.6001660731596457, 0.5859526183035508, 0, 0, 0.6001660731596457, 0.30463609734923813, 0.30463609734923813, 0, 0.8599672810355049, 0]
Variance: [0.72516596 0.90786165 0.99516507 0.99322544 0.61007929 0.64879275
 0.99599519 0.99253179 0.59799347 0.91073977 0.77140246 0.90605299
 0.66082115 0.64946791 0.91185277 0.65054671 0.99253179 0.70511735
 0.90454533 0.66125684 0.73757877 0.82546219 0.66216517 0.67900828
 0.74005327 0.99155987 0.73156132 0.90965294 0.90200844 0.99516507
 0.73907124 0.99861933 0.91084976 0.90810988 0.58634209 0.53951811
 0.83230564 0.99640998 0.83207994 0.99419573 0.99253179 0.99419573
 0.99737718 0.99461127 0.83316276 0.99461127 0.82259014 0.09005326
 0.9094602  0.77039538 0.82028832 0.77041163 0.99155987 0.99322544
 0.81641707 0.91130331 0.90838562 0.99253179 0.68429881 0.99461127]
Sum of pairs: [1.62623126 1.73443491 2.         2.         1.07180237 1.07565087
 2.44948974 2.23606798 1.36666331 2.15897129 1.89823755 2.1222941
 1.38169856 1.23315091 3.0505385  1.50481321 2.23606798 1.87193275
 2.23421922 1.55079292 2.09090909 1.6958871  1.49655251 1.5666989
 2.07702903 2.44948974 1.3514608  2.12424026 1.82951016 2.
 1.81590767 2.23606798 2.00206505 2.23421922 0.97912087 1.06406363
 2.26726617 2.64575131 1.79300754 2.23606798 2.23606798 2.23606798
 2.64575131 2.44948974 2.12618465 2.82842712 2.05904576 0.24052285
 2.27454473 1.67628081 1.65893524 1.9896426  2.44948974 2.
 1.52391406 2.04898685 1.95824175 2.23606798 1.35451495 2.82842712]
Shree

Entropy=
 [-0.23160271354075243, -0.30463609734923813, 0.0, 0.0, -1.1209503926735835, -1.159588814308626, 0.0, 0.0, -1.1685184057430877, -0.30463609734923813, -0.5859526183035508, -0.30463609734923813, -1.0335620542068176, -1.159588814308626, -0.30463609734923813, -0.9164648855394713, 0.0, -0.6890092384766586, -0.30463609734923813, -1.0335620542068176, -0.8855741515766717, -0.47413931305783735, -1.0335620542068176, -0.9075352941050093, -0.8855741515766717, 0.0, -0.8855741515766717, -0.30463609734923813, -0.30463609734923813, 0.0, -0.8855741515766717, 0.0, -0.30463609734923813, -0.30463609734923813, -1.294545165844896, -1.3667110520552042, -0.47413931305783735, 0.0, -0.47413931305783735, 0.0, 0.0, 0.0, 0.0, 0.0, -0.47413931305783735, 0.0, -0.6001660731596457, -0.21799047934530644, -0.30463609734923813, -0.5859526183035508, -0.6001660731596457, -0.5859526183035508, 0.0, 0.0, -0.6001660731596457, -0.30463609734923813, -0.30463609734923813, 0.0, -0.8599672810355049, 0.0]

Variance=
 [0.745228162225573, 0.779331955922865, 0.9539876033057852, 0.9115633608815428, 0.26996556473829186, 0.31018595041322305, 0.9721694214876033, 0.8964118457300275, 0.2746487603305785, 0.8369077134986227, 0.5727203856749311, 0.7432438016528925, 0.3181749311294764, 0.3198278236914599, 0.8592217630853992, 0.3352548209366391, 0.8964118457300275, 0.48787190082644616, 0.713216253443526, 0.3245110192837464, 0.5071556473829202, 0.5305716253443526, 0.3377341597796142, 0.42092975206611555, 0.5473760330578512, 0.8751997245179064, 0.4099104683195592, 0.8151446280991734, 0.6628030303030304, 0.9539876033057852, 0.5313980716253442, 1.029745179063361, 0.839111570247934, 0.7842906336088156, 0.2881473829201102, 0.20412534435261706, 0.6553650137741049, 0.9812603305785124, 0.6512327823691461, 0.9327754820936639, 0.8964118457300275, 0.9327754820936639, 1.0024724517906334, 0.941866391184573, 0.6710674931129477, 0.941866391184573, 0.6437947658402207, 0.06665977961432507, 0.8112878787878789, 0.5556404958677688, 0.6021969696969698, 0.5559159779614326, 0.8751997245179064, 0.9115633608815428, 0.5325, 0.8482024793388431, 0.7898002754820935, 0.8964118457300275, 0.33497933884297504, 0.941866391184573]

Sum of pairs=
 [1.6262312563634835, 3.008264462809917, 4.0, 4.0, 1.1487603305785123, 1.1570247933884295, 6.0, 5.0, 1.867768595041322, 4.661157024793388, 3.603305785123967, 4.5041322314049586, 1.909090909090909, 1.5206611570247932, 9.305785123966942, 2.2644628099173554, 5.0, 3.5041322314049586, 4.991735537190082, 2.40495867768595, 4.37190082644628, 2.87603305785124, 2.239669421487603, 2.4545454545454546, 4.31404958677686, 6.0, 1.8264462809917361, 4.512396694214876, 3.3471074380165287, 4.0, 3.2975206611570247, 5.0, 4.008264462809916, 4.991735537190082, 0.9586776859504132, 1.1322314049586781, 5.140495867768595, 7.0, 3.214876033057852, 5.0, 5.0, 5.0, 7.0, 6.0, 4.520661157024794, 8.0, 4.239669421487604, 0.05785123966942149, 5.1735537190082646, 2.8099173553719003, 2.7520661157024797, 3.958677685950413, 6.0, 4.0, 2.322314049586777, 4.198347107438016, 3.8347107438016526, 5.0, 1.834710743801653, 8.0]

Entropy=
 [-0.23160271354075243, -0.30463609734923813, 0.0, 0.0, -1.1209503926735835, -1.159588814308626, 0.0, 0.0, -1.1685184057430877, -0.30463609734923813, -0.5859526183035508, -0.30463609734923813, -1.0335620542068176, -1.159588814308626, -0.30463609734923813, -0.9164648855394713, 0.0, -0.6890092384766586, -0.30463609734923813, -1.0335620542068176, -0.8855741515766717, -0.47413931305783735, -1.0335620542068176, -0.9075352941050093, -0.8855741515766717, 0.0, -0.8855741515766717, -0.30463609734923813, -0.30463609734923813, 0.0, -0.8855741515766717, 0.0, -0.30463609734923813, -0.30463609734923813, -1.294545165844896, -1.3667110520552042, -0.47413931305783735, 0.0, -0.47413931305783735, 0.0, 0.0, 0.0, 0.0, 0.0, -0.47413931305783735, 0.0, -0.6001660731596457, -0.21799047934530644, -0.30463609734923813, -0.5859526183035508, -0.6001660731596457, -0.5859526183035508, 0.0, 0.0, -0.6001660731596457, -0.30463609734923813, -0.30463609734923813, 0.0, -0.8599672810355049, 0.0]

Variance=
 [0.745228162225573, 0.779331955922865, 0.9539876033057852, 0.9115633608815428, 0.26996556473829186, 0.31018595041322305, 0.9721694214876033, 0.8964118457300275, 0.2746487603305785, 0.8369077134986227, 0.5727203856749311, 0.7432438016528925, 0.3181749311294764, 0.3198278236914599, 0.8592217630853992, 0.3352548209366391, 0.8964118457300275, 0.48787190082644616, 0.713216253443526, 0.3245110192837464, 0.5071556473829202, 0.5305716253443526, 0.3377341597796142, 0.42092975206611555, 0.5473760330578512, 0.8751997245179064, 0.4099104683195592, 0.8151446280991734, 0.6628030303030304, 0.9539876033057852, 0.5313980716253442, 1.029745179063361, 0.839111570247934, 0.7842906336088156, 0.2881473829201102, 0.20412534435261706, 0.6553650137741049, 0.9812603305785124, 0.6512327823691461, 0.9327754820936639, 0.8964118457300275, 0.9327754820936639, 1.0024724517906334, 0.941866391184573, 0.6710674931129477, 0.941866391184573, 0.6437947658402207, 0.06665977961432507, 0.8112878787878789, 0.5556404958677688, 0.6021969696969698, 0.5559159779614326, 0.8751997245179064, 0.9115633608815428, 0.5325, 0.8482024793388431, 0.7898002754820935, 0.8964118457300275, 0.33497933884297504, 0.941866391184573]

Sum of pairs=
 [1.6262312563634835, 3.008264462809917, 4.0, 4.0, 1.1487603305785123, 1.1570247933884295, 6.0, 5.0, 1.867768595041322, 4.661157024793388, 3.603305785123967, 4.5041322314049586, 1.909090909090909, 1.5206611570247932, 9.305785123966942, 2.2644628099173554, 5.0, 3.5041322314049586, 4.991735537190082, 2.40495867768595, 4.37190082644628, 2.87603305785124, 2.239669421487603, 2.4545454545454546, 4.31404958677686, 6.0, 1.8264462809917361, 4.512396694214876, 3.3471074380165287, 4.0, 3.2975206611570247, 5.0, 4.008264462809916, 4.991735537190082, 0.9586776859504132, 1.1322314049586781, 5.140495867768595, 7.0, 3.214876033057852, 5.0, 5.0, 5.0, 7.0, 6.0, 4.520661157024794, 8.0, 4.239669421487604, 0.05785123966942149, 5.1735537190082646, 2.8099173553719003, 2.7520661157024797, 3.958677685950413, 6.0, 4.0, 2.322314049586777, 4.198347107438016, 3.8347107438016526, 5.0, 1.834710743801653, 8.0]

Entropy=
 [-0.23160271354075243, -0.30463609734923813, 0.0, 0.0, -1.1209503926735835, -1.159588814308626, 0.0, 0.0, -1.1685184057430877, -0.30463609734923813, -0.5859526183035508, -0.30463609734923813, -1.0335620542068176, -1.159588814308626, -0.30463609734923813, -0.9164648855394713, 0.0, -0.6890092384766586, -0.30463609734923813, -1.0335620542068176, -0.8855741515766717, -0.47413931305783735, -1.0335620542068176, -0.9075352941050093, -0.8855741515766717, 0.0, -0.8855741515766717, -0.30463609734923813, -0.30463609734923813, 0.0, -0.8855741515766717, 0.0, -0.30463609734923813, -0.30463609734923813, -1.294545165844896, -1.3667110520552042, -0.47413931305783735, 0.0, -0.47413931305783735, 0.0, 0.0, 0.0, 0.0, 0.0, -0.47413931305783735, 0.0, -0.6001660731596457, -0.21799047934530644, -0.30463609734923813, -0.5859526183035508, -0.6001660731596457, -0.5859526183035508, 0.0, 0.0, -0.6001660731596457, -0.30463609734923813, -0.30463609734923813, 0.0, -0.8599672810355049, 0.0]

Variance=
 [0.745228162225573, 0.779331955922865, 0.9539876033057852, 0.9115633608815428, 0.26996556473829186, 0.31018595041322305, 0.9721694214876033, 0.8964118457300275, 0.2746487603305785, 0.8369077134986227, 0.5727203856749311, 0.7432438016528925, 0.3181749311294764, 0.3198278236914599, 0.8592217630853992, 0.3352548209366391, 0.8964118457300275, 0.48787190082644616, 0.713216253443526, 0.3245110192837464, 0.5071556473829202, 0.5305716253443526, 0.3377341597796142, 0.42092975206611555, 0.5473760330578512, 0.8751997245179064, 0.4099104683195592, 0.8151446280991734, 0.6628030303030304, 0.9539876033057852, 0.5313980716253442, 1.029745179063361, 0.839111570247934, 0.7842906336088156, 0.2881473829201102, 0.20412534435261706, 0.6553650137741049, 0.9812603305785124, 0.6512327823691461, 0.9327754820936639, 0.8964118457300275, 0.9327754820936639, 1.0024724517906334, 0.941866391184573, 0.6710674931129477, 0.941866391184573, 0.6437947658402207, 0.06665977961432507, 0.8112878787878789, 0.5556404958677688, 0.6021969696969698, 0.5559159779614326, 0.8751997245179064, 0.9115633608815428, 0.5325, 0.8482024793388431, 0.7898002754820935, 0.8964118457300275, 0.33497933884297504, 0.941866391184573]
...
[(0, 1.6262312563634835), (1, 3.008264462809917), (2, 4.0), (3, 4.0), (4, 1.1487603305785123), (5, 1.1570247933884295), (6, 6.0), (7, 5.0), (8, 1.867768595041322), (9, 4.661157024793388), (10, 3.603305785123967), (11, 4.5041322314049586), (12, 1.909090909090909), (13, 1.5206611570247932), (14, 9.305785123966942), (15, 2.2644628099173554), (16, 5.0), (17, 3.5041322314049586), (18, 4.991735537190082), (19, 2.40495867768595), (20, 4.37190082644628), (21, 2.87603305785124), (22, 2.239669421487603), (23, 2.4545454545454546), (24, 4.31404958677686), (25, 6.0), (26, 1.8264462809917361), (27, 4.512396694214876), (28, 3.3471074380165287), (29, 4.0), (30, 3.2975206611570247), (31, 5.0), (32, 4.008264462809916), (33, 4.991735537190082), (34, 0.9586776859504132), (35, 1.1322314049586781), (36, 5.140495867768595), (37, 7.0), (38, 3.214876033057852), (39, 5.0), (40, 5.0), (41, 5.0), (42, 7.0), (43, 6.0), (44, 4.520661157024794), (45, 8.0), (46, 4.239669421487604), (47, 0.05785123966942149), (48, 5.1735537190082646), (49, 2.8099173553719003), (50, 2.7520661157024797), (51, 3.958677685950413), (52, 6.0), (53, 4.0), (54, 2.322314049586777), (55, 4.198347107438016), (56, 3.8347107438016526), (57, 5.0), (58, 1.834710743801653), (59, 8.0)]
Total number of diff scores= 0
Different residues through Clustal Omega, MAFFT and MUSCLE are= (Position, same order conservation scores
[]
Output is truncated. View as a scrollable element or open in a text editor. Adjust cell output settings...
-1.766