   10
tr|E1K4V0|  0.000000  2.374359  2.486255  2.474069  3.540388  3.501090
  3.406347  3.618593  3.544886  2.207542
tr|E7QXB8|  2.374359  0.000000  2.061889  2.605124  2.516734  2.516734
  2.460157  2.655284  2.475819  3.036349
tr|E7QQB9|  2.486255  2.061889  0.000000  2.491428  3.606748  3.640628
  3.627557  3.817710  3.892621  2.313097
tr|D2S1E6|  2.474069  2.605124  2.491428  0.000000  5.041808  5.149744
  4.520012  4.866621  4.667440  2.906112
sp|P69907|  3.540388  2.516734  3.606748  5.041808  0.000000  0.014646
  0.122333  0.100513  0.161849  4.520684
sp|P06635|  3.501090  2.516734  3.640628  5.149744  0.014646  0.000000
  0.139343  0.116635  0.161634  4.570624
sp|P01959|  3.406347  2.460157  3.627557  4.520012  0.122333  0.139343
  0.000000  0.142504  0.236075  4.225268
sp|P01965|  3.618593  2.655284  3.817710  4.866621  0.100513  0.116635
  0.142504  0.000000  0.189993  5.986672
sp|P60529|  3.544886  2.475819  3.892621  4.667440  0.161849  0.161634
  0.236075  0.189993  0.000000  4.906173
tr|D2S0D9|  2.207542  3.036349  2.313097  2.906112  4.520684  4.570624
  4.225268  5.986672  4.906173  0.000000
   10
tr|E1K4V0|  0.000000  2.599671  2.209401  2.396186  3.219701  3.219701
  3.149432  3.577638  3.934959  2.527771
tr|E7QXB8|  2.599671  0.000000  2.280398  2.041179  2.315080  2.315080
  2.172663  2.503154  2.620452  2.472607
tr|E7QQB9|  2.209401  2.280398  0.000000  1.987734  2.481622  2.481622
  2.732417  3.016153  3.039736  2.668679
tr|D2S1E6|  2.396186  2.041179  1.987734  0.000000  2.886099  2.886099
  2.523040  2.846319  3.196264  2.575706
sp|P69907|  3.219701  2.315080  2.481622  2.886099  0.000000  0.000010
  0.136532  0.142394  0.200319  3.810840
sp|P06635|  3.219701  2.315080  2.481622  2.886099  0.000010  0.000000
  0.136532  0.142394  0.200319  3.810840
sp|P01959|  3.149432  2.172663  2.732417  2.523040  0.136532  0.136532
  0.000000  0.149898  0.224961  3.844668
sp|P01965|  3.577638  2.503154  3.016153  2.846319  0.142394  0.142394
  0.149898  0.000000  0.255952  3.801910
sp|P60529|  3.934959  2.620452  3.039736  3.196264  0.200319  0.200319
  0.224961  0.255952  0.000000  4.051928
tr|D2S0D9|  2.527771  2.472607  2.668679  2.575706  3.810840  3.810840
  3.844668  3.801910  4.051928  0.000000
   10
tr|E1K4V0|  0.000000  2.472575  2.423307  2.396443  3.531406  3.554230
  3.649462  3.897913  3.873036  2.831174
tr|E7QXB8|  2.472575  0.000000  1.818995  1.860983  2.735233  2.760065
  2.667087  2.757075  2.907189  2.622394
tr|E7QQB9|  2.423307  1.818995  0.000000  2.178682  3.586313  3.565317
  3.777891  3.744489  3.642861  2.507978
tr|D2S1E6|  2.396443  1.860983  2.178682  0.000000  3.578815  3.576558
  3.877842  3.695912  3.990619  2.336523
sp|P69907|  3.531406  2.735233  3.586313  3.578815  0.000000  0.006929
  0.124597  0.119698  0.164634  4.376376
sp|P06635|  3.554230  2.760065  3.565317  3.576558  0.006929  0.000000
  0.132472  0.119910  0.156831  4.400462
sp|P01959|  3.649462  2.667087  3.777891  3.877842  0.124597  0.132472
  0.000000  0.126668  0.215364  4.699293
sp|P01965|  3.897913  2.757075  3.744489  3.695912  0.119698  0.119910
  0.126668  0.000000  0.191300  4.449951
sp|P60529|  3.873036  2.907189  3.642861  3.990619  0.164634  0.156831
  0.215364  0.191300  0.000000  4.660202
tr|D2S0D9|  2.831174  2.622394  2.507978  2.336523  4.376376  4.400462
  4.699293  4.449951  4.660202  0.000000
   10
tr|E1K4V0|  0.000000  2.792322  2.194464  2.508751  2.616861  2.599542
  2.770514  2.364780  2.627818  2.395439
tr|E7QXB8|  2.792322  0.000000  2.009577  2.374659  3.287270  3.354643
  3.261152  3.151257  2.966425  4.477274
tr|E7QQB9|  2.194464  2.009577  0.000000  2.601532  2.814565  2.767516
  3.094756  2.634240  2.981309  3.549342
tr|D2S1E6|  2.508751  2.374659  2.601532  0.000000  5.883736  5.715090
  7.841382  5.428732  6.037749  4.556830
sp|P69907|  2.616861  3.287270  2.814565  5.883736  0.000000  0.032028
  0.200890  0.155992  0.161951  3.847678
sp|P06635|  2.599542  3.354643  2.767516  5.715090  0.032028  0.000000
  0.231549  0.175209  0.153170  4.165379
sp|P01959|  2.770514  3.261152  3.094756  7.841382  0.200890  0.231549
  0.000000  0.193175  0.295112  4.790753
sp|P01965|  2.364780  3.151257  2.634240  5.428732  0.155992  0.175209
  0.193175  0.000000  0.205566  4.058555
sp|P60529|  2.627818  2.966425  2.981309  6.037749  0.161951  0.153170
  0.295112  0.205566  0.000000  4.276891
tr|D2S0D9|  2.395439  4.477274  3.549342  4.556830  3.847678  4.165379
  4.790753  4.058555  4.276891  0.000000
   10
tr|E1K4V0|  0.000000  3.060959  2.499914  2.408120  3.272765  3.281858
  3.471626  3.403772  3.498211  2.627546
tr|E7QXB8|  3.060959  0.000000  1.918724  1.822880  2.134357  2.171602
  2.133056  2.180783  2.109551  2.581842
tr|E7QQB9|  2.499914  1.918724  0.000000  2.521686  2.688241  2.623746
  2.966437  2.799356  2.862643  2.861117
tr|D2S1E6|  2.408120  1.822880  2.521686  0.000000  3.568866  3.470027
  3.497373  3.134549  3.665071  2.465505
sp|P69907|  3.272765  2.134357  2.688241  3.568866  0.000000  0.013582
  0.139511  0.154551  0.128965  3.505872
sp|P06635|  3.281858  2.171602  2.623746  3.470027  0.013582  0.000000
  0.147620  0.155102  0.121781  3.635263
sp|P01959|  3.471626  2.133056  2.966437  3.497373  0.139511  0.147620
  0.000000  0.165499  0.171670  3.830951
sp|P01965|  3.403772  2.180783  2.799356  3.134549  0.154551  0.155102
  0.165499  0.000000  0.190541  3.512915
sp|P60529|  3.498211  2.109551  2.862643  3.665071  0.128965  0.121781
  0.171670  0.190541  0.000000  3.755890
tr|D2S0D9|  2.627546  2.581842  2.861117  2.465505  3.505872  3.635263
  3.830951  3.512915  3.755890  0.000000
   10
tr|E1K4V0|  0.000000  2.903202  2.154047  1.878488  2.975010  2.968467
  3.124279  3.193806  3.238300  2.139972
tr|E7QXB8|  2.903202  0.000000  2.079652  2.179935  2.587586  2.612224
  2.460451  2.749316  2.871820  3.623503
tr|E7QQB9|  2.154047  2.079652  0.000000  2.010897  2.638324  2.641404
  2.742631  2.876702  3.191054  2.142416
tr|D2S1E6|  1.878488  2.179935  2.010897  0.000000  3.939415  3.984330
  3.461273  3.526055  4.764196  2.146887
sp|P69907|  2.975010  2.587586  2.638324  3.939415  0.000000  0.020325
  0.116461  0.159431  0.192867  3.372596
sp|P06635|  2.968467  2.612224  2.641404  3.984330  0.020325  0.000000
  0.139107  0.175866  0.184559  3.436281
sp|P01959|  3.124279  2.460451  2.742631  3.461273  0.116461  0.139107
  0.000000  0.162200  0.191390  3.134115
sp|P01965|  3.193806  2.749316  2.876702  3.526055  0.159431  0.175866
  0.162200  0.000000  0.273368  3.302221
sp|P60529|  3.238300  2.871820  3.191054  4.764196  0.192867  0.184559
  0.191390  0.273368  0.000000  4.178397
tr|D2S0D9|  2.139972  3.623503  2.142416  2.146887  3.372596  3.436281
  3.134115  3.302221  4.178397  0.000000
   10
tr|E1K4V0|  0.000000  2.673626  2.467419  3.101961  4.646000  4.630473
  4.752476  4.878602  4.686630  2.436066
tr|E7QXB8|  2.673626  0.000000  2.020015  2.010856  2.364512  2.364512
  2.165813  2.368148  2.413477  3.233566
tr|E7QQB9|  2.467419  2.020015  0.000000  2.630748  4.043392  4.056553
  4.065108  4.085054  3.984470  2.385263
tr|D2S1E6|  3.101961  2.010856  2.630748  0.000000  3.867010  3.888664
  3.648668  3.971890  3.978414  2.736921
sp|P69907|  4.646000  2.364512  4.043392  3.867010  0.000000  0.006368
  0.162154  0.152447  0.166960  3.945552
sp|P06635|  4.630473  2.364512  4.056553  3.888664  0.006368  0.000000
  0.169593  0.159772  0.166865  3.962435
sp|P01959|  4.752476  2.165813  4.065108  3.648668  0.162154  0.169593
  0.000000  0.092654  0.208378  4.727736
sp|P01965|  4.878602  2.368148  4.085054  3.971890  0.152447  0.159772
  0.092654  0.000000  0.185302  4.383903
sp|P60529|  4.686630  2.413477  3.984470  3.978414  0.166960  0.166865
  0.208378  0.185302  0.000000  4.802066
tr|D2S0D9|  2.436066  3.233566  2.385263  2.736921  3.945552  3.962435
  4.727736  4.383903  4.802066  0.000000
   10
tr|E1K4V0|  0.000000  2.824059  2.339756  2.115759  3.118561  3.087315
  3.237655  3.243619  3.324028  2.378339
tr|E7QXB8|  2.824059  0.000000  2.207672  2.348906  3.095547  3.121153
  2.938336  3.073563  3.265236  2.646891
tr|E7QQB9|  2.339756  2.207672  0.000000  2.481357  3.495747  3.437662
  3.679510  3.650560  4.041732  2.358965
tr|D2S1E6|  2.115759  2.348906  2.481357  0.000000  3.358371  3.288607
  3.184303  3.504699  3.677782  2.596899
sp|P69907|  3.118561  3.095547  3.495747  3.358371  0.000000  0.014586
  0.190657  0.230346  0.171783  2.902073
sp|P06635|  3.087315  3.121153  3.437662  3.288607  0.014586  0.000000
  0.199888  0.239792  0.172019  3.032437
sp|P01959|  3.237655  2.938336  3.679510  3.184303  0.190657  0.199888
  0.000000  0.170081  0.213146  2.977635
sp|P01965|  3.243619  3.073563  3.650560  3.504699  0.230346  0.239792
  0.170081  0.000000  0.245588  3.157611
sp|P60529|  3.324028  3.265236  4.041732  3.677782  0.171783  0.172019
  0.213146  0.245588  0.000000  3.221068
tr|D2S0D9|  2.378339  2.646891  2.358965  2.596899  2.902073  3.032437
  2.977635  3.157611  3.221068  0.000000
   10
tr|E1K4V0|  0.000000  2.904619  2.393499  2.264476  3.250646  3.258659
  3.356089  3.328264  3.579698  2.460298
tr|E7QXB8|  2.904619  0.000000  2.292220  2.410249  3.022975  3.072939
  3.078186  3.048129  3.079129  3.059837
tr|E7QQB9|  2.393499  2.292220  0.000000  2.577168  2.682477  2.620199
  2.818437  2.733124  2.846558  2.827571
tr|D2S1E6|  2.264476  2.410249  2.577168  0.000000  3.718286  3.625665
  4.059645  3.780980  4.107621  2.702530
sp|P69907|  3.250646  3.022975  2.682477  3.718286  0.000000  0.013904
  0.157025  0.140001  0.117007  4.276232
sp|P06635|  3.258659  3.072939  2.620199  3.625665  0.013904  0.000000
  0.165309  0.140500  0.109676  4.541073
sp|P01959|  3.356089  3.078186  2.818437  4.059645  0.157025  0.165309
  0.000000  0.168697  0.214648  4.663930
sp|P01965|  3.328264  3.048129  2.733124  3.780980  0.140001  0.140500
  0.168697  0.000000  0.198755  4.454830
sp|P60529|  3.579698  3.079129  2.846558  4.107621  0.117007  0.109676
  0.214648  0.198755  0.000000  5.196864
tr|D2S0D9|  2.460298  3.059837  2.827571  2.702530  4.276232  4.541073
  4.663930  4.454830  5.196864  0.000000
   10
tr|E1K4V0|  0.000000  2.630902  2.999125  2.696855  4.014514  3.972530
  3.973407  4.233326  4.103742  2.733388
tr|E7QXB8|  2.630902  0.000000  1.957766  2.889610  2.717105  2.766502
  2.448683  2.881222  2.714736  3.665525
tr|E7QQB9|  2.999125  1.957766  0.000000  2.921283  3.587601  3.497126
  3.606476  3.890745  3.960515  4.637994
tr|D2S1E6|  2.696855  2.889610  2.921283  0.000000  7.536763  7.143141
  6.046510  6.476750  7.512126  2.314050
sp|P69907|  4.014514  2.717105  3.587601  7.536763  0.000000  0.028275
  0.112302  0.112182  0.179397  4.229868
sp|P06635|  3.972530  2.766502  3.497126  7.143141  0.028275  0.000000
  0.135865  0.128294  0.171347  4.552680
sp|P01959|  3.973407  2.448683  3.606476  6.046510  0.112302  0.135865
  0.000000  0.096049  0.163876  4.511619
sp|P01965|  4.233326  2.881222  3.890745  6.476750  0.112182  0.128294
  0.096049  0.000000  0.195970  4.202208
sp|P60529|  4.103742  2.714736  3.960515  7.512126  0.179397  0.171347
  0.163876  0.195970  0.000000  5.836644
tr|D2S0D9|  2.733388  3.665525  4.637994  2.314050  4.229868  4.552680
  4.511619  4.202208  5.836644  0.000000
