For Sequence 0

Pair-wise preference score for the given sequence:

Formula 1 : 
            A     C     D          E     F          G          H     I          K          L    M     N          P          Q          R          S          T          V          W          Y
0   12.500000   0.0   0.0   0.000000   0.0   6.250000   0.000000   0.0   0.000000  11.111111  0.0   0.0   0.000000   0.000000   0.000000   6.250000  15.789474   0.000000   6.250000   0.000000
1    0.000000   0.0   0.0   0.000000  50.0   0.000000   0.000000   0.0   0.000000   0.000000  0.0   0.0   0.000000   0.000000   0.000000   0.000000   0.000000   0.000000   0.000000   0.000000
2    0.000000   0.0   0.0  25.000000   0.0  16.666667   0.000000   0.0   0.000000   0.000000  0.0   0.0   0.000000   0.000000   0.000000   0.000000   0.000000   0.000000   0.000000   0.000000
3    7.142857   0.0   0.0   0.000000   0.0   0.000000   0.000000   0.0   0.000000   0.000000  0.0   0.0   0.000000   0.000000   0.000000   0.000000   0.000000   0.000000   0.000000  20.000000
4    0.000000   0.0   0.0   0.000000   0.0   0.000000   0.000000   0.0   0.000000   0.000000  0.0  50.0   0.000000   0.000000   0.000000   0.000000   0.000000   0.000000   0.000000   0.000000
5    0.000000  20.0   0.0   0.000000   0.0   0.000000   0.000000  20.0   0.000000  10.000000  0.0   0.0   0.000000   0.000000   0.000000   0.000000   0.000000   0.000000   0.000000  14.285714
6   13.333333   0.0   0.0   0.000000   0.0   0.000000  16.666667   0.0   0.000000   0.000000  0.0   0.0   0.000000   0.000000   0.000000   0.000000   0.000000   0.000000   0.000000   0.000000
7    0.000000   0.0   0.0   0.000000   0.0   0.000000   0.000000   0.0  16.666667   0.000000  0.0   0.0   0.000000   0.000000   0.000000   0.000000   0.000000   0.000000   0.000000   0.000000
8    5.882353   0.0   0.0   0.000000   0.0   0.000000   0.000000   0.0   0.000000   0.000000  0.0   0.0  10.000000  16.666667   0.000000  11.111111   0.000000   0.000000  11.111111   0.000000
9    5.555556   0.0  12.5   0.000000   0.0   0.000000  11.111111   0.0   9.090909   8.333333  0.0   0.0   0.000000   0.000000   0.000000   0.000000   7.692308   0.000000   0.000000   0.000000
10   0.000000   0.0   0.0   0.000000   0.0   0.000000   0.000000   0.0   0.000000   0.000000  0.0   0.0   0.000000   0.000000   0.000000   0.000000   0.000000   0.000000   0.000000   0.000000
11   0.000000   0.0   0.0   0.000000   0.0   0.000000   0.000000   0.0   0.000000   0.000000  0.0   0.0   0.000000   0.000000  20.000000   0.000000   0.000000   0.000000   0.000000   0.000000
12   0.000000   0.0   0.0  14.285714   0.0   0.000000   0.000000   0.0   0.000000   0.000000  0.0   0.0   0.000000   0.000000   0.000000  11.111111   8.333333  16.666667  11.111111   0.000000
13   0.000000   0.0   0.0   0.000000   0.0   0.000000   0.000000   0.0  16.666667   0.000000  0.0   0.0   0.000000   0.000000   0.000000   0.000000   0.000000   0.000000   0.000000   0.000000
14   6.250000   0.0   0.0   0.000000   0.0   0.000000  14.285714   0.0   0.000000   0.000000  0.0   0.0  11.111111   0.000000   0.000000   0.000000   0.000000   0.000000  12.500000   0.000000
15   0.000000   0.0   0.0   0.000000   0.0   0.000000   0.000000   0.0  11.111111  10.000000  0.0   0.0   0.000000   0.000000  12.500000   0.000000   0.000000   0.000000   0.000000  14.285714
16  10.526316   0.0   0.0   0.000000   0.0   9.090909   0.000000   0.0   8.333333   0.000000  0.0   0.0  16.666667   0.000000   9.090909   0.000000   0.000000   0.000000   0.000000   0.000000
17   0.000000   0.0   0.0   0.000000   0.0  20.000000   0.000000   0.0   0.000000   0.000000  0.0   0.0   0.000000   0.000000   0.000000   0.000000   0.000000   0.000000   0.000000   0.000000
18   0.000000   0.0   0.0   0.000000   0.0   0.000000   0.000000   0.0   0.000000   0.000000  0.0   0.0  11.111111   0.000000   0.000000  12.500000  18.181818   0.000000   0.000000   0.000000
19   6.666667   0.0  20.0   0.000000   0.0   0.000000   0.000000   0.0   0.000000  11.111111  0.0   0.0   0.000000   0.000000   0.000000   0.000000   0.000000   0.000000   0.000000   0.000000

Pair-wise preference score for the given sequence:

Formula 2 : 
           A         C         D         E         F         G         H         I         K         L    M         N         P         Q         R         S         T         V         W         Y
0   4.545455  0.000000  0.000000  0.000000  0.000000  1.515152  0.000000  0.000000  0.000000  3.030303  0.0  0.000000  0.000000  0.000000  0.000000  1.515152  4.545455  0.000000  1.515152  0.000000
1   0.000000  0.000000  0.000000  0.000000  1.515152  0.000000  0.000000  0.000000  0.000000  0.000000  0.0  0.000000  0.000000  0.000000  0.000000  0.000000  0.000000  0.000000  0.000000  0.000000
2   0.000000  0.000000  0.000000  1.515152  0.000000  1.515152  0.000000  0.000000  0.000000  0.000000  0.0  0.000000  0.000000  0.000000  0.000000  0.000000  0.000000  0.000000  0.000000  0.000000
3   1.515152  0.000000  0.000000  0.000000  0.000000  0.000000  0.000000  0.000000  0.000000  0.000000  0.0  0.000000  0.000000  0.000000  0.000000  0.000000  0.000000  0.000000  0.000000  1.515152
4   0.000000  0.000000  0.000000  0.000000  0.000000  0.000000  0.000000  0.000000  0.000000  0.000000  0.0  1.515152  0.000000  0.000000  0.000000  0.000000  0.000000  0.000000  0.000000  0.000000
5   0.000000  1.515152  0.000000  0.000000  0.000000  0.000000  0.000000  1.515152  0.000000  1.515152  0.0  0.000000  0.000000  0.000000  0.000000  0.000000  0.000000  0.000000  0.000000  1.515152
6   3.030303  0.000000  0.000000  0.000000  0.000000  0.000000  1.515152  0.000000  0.000000  0.000000  0.0  0.000000  0.000000  0.000000  0.000000  0.000000  0.000000  0.000000  0.000000  0.000000
7   0.000000  0.000000  0.000000  0.000000  0.000000  0.000000  0.000000  0.000000  1.515152  0.000000  0.0  0.000000  0.000000  0.000000  0.000000  0.000000  0.000000  0.000000  0.000000  0.000000
8   1.515152  0.000000  0.000000  0.000000  0.000000  0.000000  0.000000  0.000000  0.000000  0.000000  0.0  0.000000  1.515152  1.515152  0.000000  1.515152  0.000000  0.000000  1.515152  0.000000
9   1.515152  0.000000  1.515152  0.000000  0.000000  0.000000  1.515152  0.000000  1.515152  1.515152  0.0  0.000000  0.000000  0.000000  0.000000  0.000000  1.515152  0.000000  0.000000  0.000000
10  0.000000  0.000000  0.000000  0.000000  0.000000  0.000000  0.000000  0.000000  0.000000  0.000000  0.0  0.000000  0.000000  0.000000  0.000000  0.000000  0.000000  0.000000  0.000000  0.000000
11  0.000000  0.000000  0.000000  0.000000  0.000000  0.000000  0.000000  0.000000  0.000000  0.000000  0.0  0.000000  0.000000  0.000000  1.515152  0.000000  0.000000  0.000000  0.000000  0.000000
12  0.000000  0.000000  0.000000  1.515152  0.000000  0.000000  0.000000  0.000000  0.000000  0.000000  0.0  0.000000  0.000000  0.000000  0.000000  1.515152  1.515152  1.515152  1.515152  0.000000
13  0.000000  0.000000  0.000000  0.000000  0.000000  0.000000  0.000000  0.000000  1.515152  0.000000  0.0  0.000000  0.000000  0.000000  0.000000  0.000000  0.000000  0.000000  0.000000  0.000000
14  1.515152  0.000000  0.000000  0.000000  0.000000  0.000000  1.515152  0.000000  0.000000  0.000000  0.0  0.000000  1.515152  0.000000  0.000000  0.000000  0.000000  0.000000  1.515152  0.000000
15  0.000000  0.000000  0.000000  0.000000  0.000000  0.000000  0.000000  0.000000  1.515152  1.515152  0.0  0.000000  0.000000  0.000000  1.515152  0.000000  0.000000  0.000000  0.000000  1.515152
16  3.030303  0.000000  0.000000  0.000000  0.000000  1.515152  0.000000  0.000000  1.515152  0.000000  0.0  0.000000  3.030303  0.000000  1.515152  0.000000  0.000000  0.000000  0.000000  0.000000
17  0.000000  0.000000  0.000000  0.000000  0.000000  1.515152  0.000000  0.000000  0.000000  0.000000  0.0  0.000000  0.000000  0.000000  0.000000  0.000000  0.000000  0.000000  0.000000  0.000000
18  0.000000  0.000000  0.000000  0.000000  0.000000  0.000000  0.000000  0.000000  0.000000  0.000000  0.0  0.000000  1.515152  0.000000  0.000000  1.515152  3.030303  0.000000  0.000000  0.000000
19  1.515152  0.000000  1.515152  0.000000  0.000000  0.000000  0.000000  0.000000  0.000000  1.515152  0.0  0.000000  0.000000  0.000000  0.000000  0.000000  0.000000  0.000000  0.000000  0.000000

Pair-wise preference score for the given sequence:

Formula 3 : 
           A     C          D     E      F          G          H     I          K         L    M      N         P     Q          R         S         T     V         W          Y
0   2.083333   0.0   0.000000   0.0    0.0   2.083333   0.000000   0.0   0.000000  2.777778  0.0    0.0  0.000000   0.0   0.000000  2.083333  3.571429   0.0  2.083333   0.000000
1   0.000000   0.0   0.000000   0.0  100.0   0.000000   0.000000   0.0   0.000000  0.000000  0.0    0.0  0.000000   0.0   0.000000  0.000000  0.000000   0.0  0.000000   0.000000
2   0.000000   0.0   0.000000  25.0    0.0  12.500000   0.000000   0.0   0.000000  0.000000  0.0    0.0  0.000000   0.0   0.000000  0.000000  0.000000   0.0  0.000000   0.000000
3   4.166667   0.0   0.000000   0.0    0.0   0.000000   0.000000   0.0   0.000000  0.000000  0.0    0.0  0.000000   0.0   0.000000  0.000000  0.000000   0.0  0.000000  16.666667
4   0.000000   0.0   0.000000   0.0    0.0   0.000000   0.000000   0.0   0.000000  0.000000  0.0  100.0  0.000000   0.0   0.000000  0.000000  0.000000   0.0  0.000000   0.000000
5   0.000000  25.0   0.000000   0.0    0.0   0.000000   0.000000  25.0   0.000000  4.166667  0.0    0.0  0.000000   0.0   0.000000  0.000000  0.000000   0.0  0.000000   8.333333
6   5.555556   0.0   0.000000   0.0    0.0   0.000000  11.111111   0.0   0.000000  0.000000  0.0    0.0  0.000000   0.0   0.000000  0.000000  0.000000   0.0  0.000000   0.000000
7   0.000000   0.0   0.000000   0.0    0.0   0.000000   0.000000   0.0  20.000000  0.000000  0.0    0.0  0.000000   0.0   0.000000  0.000000  0.000000   0.0  0.000000   0.000000
8   1.666667   0.0   0.000000   0.0    0.0   0.000000   0.000000   0.0   0.000000  0.000000  0.0    0.0  4.000000  20.0   0.000000  5.000000  0.000000   0.0  5.000000   0.000000
9   1.388889   0.0   8.333333   0.0    0.0   0.000000   5.555556   0.0   3.333333  2.777778  0.0    0.0  0.000000   0.0   0.000000  0.000000  2.380952   0.0  0.000000   0.000000
10  0.000000   0.0   0.000000   0.0    0.0   0.000000   0.000000   0.0   0.000000  0.000000  0.0    0.0  0.000000   0.0   0.000000  0.000000  0.000000   0.0  0.000000   0.000000
11  0.000000   0.0   0.000000   0.0    0.0   0.000000   0.000000   0.0   0.000000  0.000000  0.0    0.0  0.000000   0.0  25.000000  0.000000  0.000000   0.0  0.000000   0.000000
12  0.000000   0.0   0.000000  10.0    0.0   0.000000   0.000000   0.0   0.000000  0.000000  0.0    0.0  0.000000   0.0   0.000000  5.000000  2.857143  20.0  5.000000   0.000000
13  0.000000   0.0   0.000000   0.0    0.0   0.000000   0.000000   0.0  20.000000  0.000000  0.0    0.0  0.000000   0.0   0.000000  0.000000  0.000000   0.0  0.000000   0.000000
14  2.083333   0.0   0.000000   0.0    0.0   0.000000   8.333333   0.0   0.000000  0.000000  0.0    0.0  5.000000   0.0   0.000000  0.000000  0.000000   0.0  6.250000   0.000000
15  0.000000   0.0   0.000000   0.0    0.0   0.000000   0.000000   0.0   5.000000  4.166667  0.0    0.0  0.000000   0.0   6.250000  0.000000  0.000000   0.0  0.000000   8.333333
16  2.380952   0.0   0.000000   0.0    0.0   3.571429   0.000000   0.0   2.857143  0.000000  0.0    0.0  5.714286   0.0   3.571429  0.000000  0.000000   0.0  0.000000   0.000000
17  0.000000   0.0   0.000000   0.0    0.0  25.000000   0.000000   0.0   0.000000  0.000000  0.0    0.0  0.000000   0.0   0.000000  0.000000  0.000000   0.0  0.000000   0.000000
18  0.000000   0.0   0.000000   0.0    0.0   0.000000   0.000000   0.0   0.000000  0.000000  0.0    0.0  5.000000   0.0   0.000000  6.250000  7.142857   0.0  0.000000   0.000000
19  2.777778   0.0  16.666667   0.0    0.0   0.000000   0.000000   0.0   0.000000  5.555556  0.0    0.0  0.000000   0.0   0.000000  0.000000  0.000000   0.0  0.000000   0.000000
For Sequence 1

Pair-wise preference score for the given sequence:

Formula 1 : 
            A    C     D     E          F          G    H          I         K          L          M    N          P          Q         R    S          T          V    W     Y
0   19.230769  0.0   0.0   0.0   0.000000   0.000000  0.0  14.285714  0.000000   0.000000   0.000000  0.0   0.000000   0.000000  6.666667  0.0   0.000000  15.789474  0.0   0.0
1    0.000000  0.0   0.0   0.0   0.000000   0.000000  0.0   0.000000  0.000000   0.000000   0.000000  0.0   0.000000   0.000000  0.000000  0.0   0.000000   0.000000  0.0   0.0
2    6.666667  0.0   0.0   0.0   0.000000   0.000000  0.0   0.000000  0.000000   9.090909   0.000000  0.0   0.000000   0.000000  0.000000  0.0   0.000000   0.000000  0.0   0.0
3    0.000000  0.0   0.0   0.0   0.000000   9.090909  0.0   0.000000  0.000000   0.000000   0.000000  0.0   0.000000   0.000000  0.000000  0.0   0.000000   0.000000  0.0   0.0
4    5.882353  0.0   0.0   0.0  12.500000   0.000000  0.0   8.333333  0.000000   7.692308   0.000000  0.0   0.000000   0.000000  0.000000  0.0   0.000000   0.000000  0.0   0.0
5    8.695652  0.0   0.0   0.0   0.000000   5.000000  0.0  11.111111  9.090909  21.052632   0.000000  0.0   0.000000   0.000000  0.000000  0.0   0.000000   0.000000  0.0   0.0
6    0.000000  0.0   0.0   0.0   0.000000   0.000000  0.0   0.000000  0.000000   0.000000   0.000000  0.0   0.000000   0.000000  0.000000  0.0   0.000000   0.000000  0.0   0.0
7    4.761905  0.0   0.0   0.0   0.000000  16.666667  0.0   0.000000  0.000000   5.882353   0.000000  0.0  18.181818   0.000000  0.000000  0.0   0.000000   7.142857  0.0   0.0
8    0.000000  0.0   0.0   0.0  20.000000   0.000000  0.0   0.000000  0.000000   0.000000   0.000000  0.0   0.000000   0.000000  0.000000  0.0   0.000000   0.000000  0.0   0.0
9    4.545455  0.0   0.0  10.0   0.000000  10.526316  0.0   5.882353  0.000000   5.555556   0.000000  0.0   0.000000   0.000000  9.090909  0.0   0.000000   6.666667  0.0  10.0
10   0.000000  0.0   0.0   0.0  11.111111  13.333333  0.0   7.692308  0.000000   0.000000  10.000000  0.0   0.000000   0.000000  0.000000  0.0   0.000000   0.000000  0.0   0.0
11   0.000000  0.0   0.0   0.0   0.000000   0.000000  0.0   0.000000  0.000000   0.000000   0.000000  0.0   0.000000   0.000000  0.000000  0.0   0.000000   0.000000  0.0   0.0
12   0.000000  0.0  20.0   0.0   0.000000   0.000000  0.0   0.000000  0.000000   8.333333  12.500000  0.0   0.000000   0.000000  0.000000  0.0   0.000000   0.000000  0.0   0.0
13   0.000000  0.0   0.0   0.0  16.666667   0.000000  0.0   0.000000  0.000000   0.000000   0.000000  0.0  20.000000   0.000000  0.000000  0.0   0.000000   0.000000  0.0   0.0
14   0.000000  0.0   0.0   0.0   0.000000   0.000000  0.0   0.000000  0.000000   0.000000   0.000000  0.0   0.000000  25.000000  0.000000  0.0  33.333333   0.000000  0.0   0.0
15   0.000000  0.0   0.0   0.0   0.000000   0.000000  0.0   0.000000  0.000000   0.000000   0.000000  0.0   0.000000   0.000000  0.000000  0.0   0.000000   0.000000  0.0   0.0
16   0.000000  0.0   0.0   0.0   0.000000   0.000000  0.0   0.000000  0.000000   0.000000   0.000000  0.0   0.000000  33.333333  0.000000  0.0   0.000000   0.000000  0.0   0.0
17   5.263158  0.0  12.5   0.0   0.000000   6.250000  0.0   0.000000  0.000000   0.000000  27.272727  0.0   0.000000   0.000000  0.000000  0.0   0.000000   0.000000  0.0   0.0
18   0.000000  0.0   0.0   0.0   0.000000   0.000000  0.0   0.000000  0.000000   0.000000   0.000000  0.0   0.000000   0.000000  0.000000  0.0   0.000000   0.000000  0.0   0.0
19   0.000000  0.0   0.0   0.0   0.000000   0.000000  0.0   0.000000  0.000000   0.000000   0.000000  0.0   0.000000   0.000000  0.000000  0.0   0.000000  14.285714  0.0   0.0

Pair-wise preference score for the given sequence:

Formula 2 : 
           A    C         D         E         F         G    H         I         K         L         M    N         P         Q         R    S         T         V    W         Y
0   7.462687  0.0  0.000000  0.000000  0.000000  0.000000  0.0  4.477612  0.000000  0.000000  0.000000  0.0  0.000000  0.000000  1.492537  0.0  0.000000  4.477612  0.0  0.000000
1   0.000000  0.0  0.000000  0.000000  0.000000  0.000000  0.0  0.000000  0.000000  0.000000  0.000000  0.0  0.000000  0.000000  0.000000  0.0  0.000000  0.000000  0.0  0.000000
2   1.492537  0.0  0.000000  0.000000  0.000000  0.000000  0.0  0.000000  0.000000  1.492537  0.000000  0.0  0.000000  0.000000  0.000000  0.0  0.000000  0.000000  0.0  0.000000
3   0.000000  0.0  0.000000  0.000000  0.000000  1.492537  0.0  0.000000  0.000000  0.000000  0.000000  0.0  0.000000  0.000000  0.000000  0.0  0.000000  0.000000  0.0  0.000000
4   1.492537  0.0  0.000000  0.000000  1.492537  0.000000  0.0  1.492537  0.000000  1.492537  0.000000  0.0  0.000000  0.000000  0.000000  0.0  0.000000  0.000000  0.0  0.000000
5   2.985075  0.0  0.000000  0.000000  0.000000  1.492537  0.0  2.985075  1.492537  5.970149  0.000000  0.0  0.000000  0.000000  0.000000  0.0  0.000000  0.000000  0.0  0.000000
6   0.000000  0.0  0.000000  0.000000  0.000000  0.000000  0.0  0.000000  0.000000  0.000000  0.000000  0.0  0.000000  0.000000  0.000000  0.0  0.000000  0.000000  0.0  0.000000
7   1.492537  0.0  0.000000  0.000000  0.000000  4.477612  0.0  0.000000  0.000000  1.492537  0.000000  0.0  2.985075  0.000000  0.000000  0.0  0.000000  1.492537  0.0  0.000000
8   0.000000  0.0  0.000000  0.000000  1.492537  0.000000  0.0  0.000000  0.000000  0.000000  0.000000  0.0  0.000000  0.000000  0.000000  0.0  0.000000  0.000000  0.0  0.000000
9   1.492537  0.0  0.000000  1.492537  0.000000  2.985075  0.0  1.492537  0.000000  1.492537  0.000000  0.0  0.000000  0.000000  1.492537  0.0  0.000000  1.492537  0.0  1.492537
10  0.000000  0.0  0.000000  0.000000  1.492537  2.985075  0.0  1.492537  0.000000  0.000000  1.492537  0.0  0.000000  0.000000  0.000000  0.0  0.000000  0.000000  0.0  0.000000
11  0.000000  0.0  0.000000  0.000000  0.000000  0.000000  0.0  0.000000  0.000000  0.000000  0.000000  0.0  0.000000  0.000000  0.000000  0.0  0.000000  0.000000  0.0  0.000000
12  0.000000  0.0  1.492537  0.000000  0.000000  0.000000  0.0  0.000000  0.000000  1.492537  1.492537  0.0  0.000000  0.000000  0.000000  0.0  0.000000  0.000000  0.0  0.000000
13  0.000000  0.0  0.000000  0.000000  1.492537  0.000000  0.0  0.000000  0.000000  0.000000  0.000000  0.0  1.492537  0.000000  0.000000  0.0  0.000000  0.000000  0.0  0.000000
14  0.000000  0.0  0.000000  0.000000  0.000000  0.000000  0.0  0.000000  0.000000  0.000000  0.000000  0.0  0.000000  1.492537  0.000000  0.0  1.492537  0.000000  0.0  0.000000
15  0.000000  0.0  0.000000  0.000000  0.000000  0.000000  0.0  0.000000  0.000000  0.000000  0.000000  0.0  0.000000  0.000000  0.000000  0.0  0.000000  0.000000  0.0  0.000000
16  0.000000  0.0  0.000000  0.000000  0.000000  0.000000  0.0  0.000000  0.000000  0.000000  0.000000  0.0  0.000000  1.492537  0.000000  0.0  0.000000  0.000000  0.0  0.000000
17  1.492537  0.0  1.492537  0.000000  0.000000  1.492537  0.0  0.000000  0.000000  0.000000  4.477612  0.0  0.000000  0.000000  0.000000  0.0  0.000000  0.000000  0.0  0.000000
18  0.000000  0.0  0.000000  0.000000  0.000000  0.000000  0.0  0.000000  0.000000  0.000000  0.000000  0.0  0.000000  0.000000  0.000000  0.0  0.000000  0.000000  0.0  0.000000
19  0.000000  0.0  0.000000  0.000000  0.000000  0.000000  0.0  0.000000  0.000000  0.000000  0.000000  0.0  0.000000  0.000000  0.000000  0.0  0.000000  1.492537  0.0  0.000000

Pair-wise preference score for the given sequence:

Formula 3 : 
           A    C          D          E      F          G    H         I     K         L          M    N          P     Q         R    S     T          V    W          Y
0   2.958580  0.0   0.000000   0.000000   0.00   0.000000  0.0  2.884615   0.0  0.000000   0.000000  0.0   0.000000   0.0  3.846154  0.0   0.0   3.846154  0.0   0.000000
1   0.000000  0.0   0.000000   0.000000   0.00   0.000000  0.0  0.000000   0.0  0.000000   0.000000  0.0   0.000000   0.0  0.000000  0.0   0.0   0.000000  0.0   0.000000
2   3.846154  0.0   0.000000   0.000000   0.00   0.000000  0.0  0.000000   0.0  5.555556   0.000000  0.0   0.000000   0.0  0.000000  0.0   0.0   0.000000  0.0   0.000000
3   0.000000  0.0   0.000000   0.000000   0.00  10.000000  0.0  0.000000   0.0  0.000000   0.000000  0.0   0.000000   0.0  0.000000  0.0   0.0   0.000000  0.0   0.000000
4   1.923077  0.0   0.000000   0.000000   6.25   0.000000  0.0  3.125000   0.0  2.777778   0.000000  0.0   0.000000   0.0  0.000000  0.0   0.0   0.000000  0.0   0.000000
5   1.538462  0.0   0.000000   0.000000   0.00   1.000000  0.0  2.500000  10.0  4.444444   0.000000  0.0   0.000000   0.0  0.000000  0.0   0.0   0.000000  0.0   0.000000
6   0.000000  0.0   0.000000   0.000000   0.00   0.000000  0.0  0.000000   0.0  0.000000   0.000000  0.0   0.000000   0.0  0.000000  0.0   0.0   0.000000  0.0   0.000000
7   0.961538  0.0   0.000000   0.000000   0.00   3.750000  0.0  0.000000   0.0  1.388889   0.000000  0.0   8.333333   0.0  0.000000  0.0   0.0   2.083333  0.0   0.000000
8   0.000000  0.0   0.000000   0.000000  25.00   0.000000  0.0  0.000000   0.0  0.000000   0.000000  0.0   0.000000   0.0  0.000000  0.0   0.0   0.000000  0.0   0.000000
9   0.854701  0.0   0.000000  11.111111   0.00   2.222222  0.0  1.388889   0.0  1.234568   0.000000  0.0   0.000000   0.0  5.555556  0.0   0.0   1.851852  0.0  11.111111
10  0.000000  0.0   0.000000   0.000000   5.00   4.000000  0.0  2.500000   0.0  0.000000   4.000000  0.0   0.000000   0.0  0.000000  0.0   0.0   0.000000  0.0   0.000000
11  0.000000  0.0   0.000000   0.000000   0.00   0.000000  0.0  0.000000   0.0  0.000000   0.000000  0.0   0.000000   0.0  0.000000  0.0   0.0   0.000000  0.0   0.000000
12  0.000000  0.0  16.666667   0.000000   0.00   0.000000  0.0  0.000000   0.0  3.703704   6.666667  0.0   0.000000   0.0  0.000000  0.0   0.0   0.000000  0.0   0.000000
13  0.000000  0.0   0.000000   0.000000  12.50   0.000000  0.0  0.000000   0.0  0.000000   0.000000  0.0  16.666667   0.0  0.000000  0.0   0.0   0.000000  0.0   0.000000
14  0.000000  0.0   0.000000   0.000000   0.00   0.000000  0.0  0.000000   0.0  0.000000   0.000000  0.0   0.000000  25.0  0.000000  0.0  50.0   0.000000  0.0   0.000000
15  0.000000  0.0   0.000000   0.000000   0.00   0.000000  0.0  0.000000   0.0  0.000000   0.000000  0.0   0.000000   0.0  0.000000  0.0   0.0   0.000000  0.0   0.000000
16  0.000000  0.0   0.000000   0.000000   0.00   0.000000  0.0  0.000000   0.0  0.000000   0.000000  0.0   0.000000  50.0  0.000000  0.0   0.0   0.000000  0.0   0.000000
17  1.282051  0.0   8.333333   0.000000   0.00   1.666667  0.0  0.000000   0.0  0.000000  10.000000  0.0   0.000000   0.0  0.000000  0.0   0.0   0.000000  0.0   0.000000
18  0.000000  0.0   0.000000   0.000000   0.00   0.000000  0.0  0.000000   0.0  0.000000   0.000000  0.0   0.000000   0.0  0.000000  0.0   0.0   0.000000  0.0   0.000000
19  0.000000  0.0   0.000000   0.000000   0.00   0.000000  0.0  0.000000   0.0  0.000000   0.000000  0.0   0.000000   0.0  0.000000  0.0   0.0  16.666667  0.0   0.000000
For Sequence 2

Pair-wise preference score for the given sequence:

Formula 1 : 
            A    C          D          E         F          G     H         I          K          L         M          N          P         Q         R          S          T         V          W          Y
0    9.375000  0.0   4.000000   0.000000  4.166667  15.384615   0.0  4.166667   0.000000   0.000000  0.000000   4.761905   5.000000  0.000000  0.000000   0.000000   4.347826  4.166667   0.000000   0.000000
1    0.000000  0.0   0.000000   0.000000  0.000000   0.000000   0.0  0.000000   0.000000   0.000000  0.000000   0.000000   0.000000  0.000000  0.000000   0.000000   0.000000  0.000000   0.000000   0.000000
2    4.000000  0.0   0.000000   6.666667  0.000000   3.125000   0.0  0.000000   6.666667   0.000000  0.000000   0.000000   0.000000  7.142857  7.142857   4.166667   0.000000  5.882353   6.666667   0.000000
3    4.545455  0.0   6.666667   0.000000  7.142857   6.896552   0.0  0.000000   0.000000   0.000000  0.000000   0.000000   0.000000  0.000000  0.000000   4.761905   0.000000  0.000000   0.000000   0.000000
4   12.500000  0.0   0.000000   7.142857  0.000000   0.000000   0.0  6.250000   0.000000   0.000000  0.000000   0.000000   0.000000  0.000000  0.000000   4.347826   0.000000  6.250000   0.000000   6.250000
5    7.692308  0.0   9.375000   0.000000  0.000000   2.173913   0.0  6.451613   3.448276   9.375000  4.166667   0.000000   0.000000  7.142857  3.571429   2.631579   3.333333  6.451613   0.000000   6.451613
6    0.000000  0.0   0.000000   0.000000  0.000000   0.000000   0.0  0.000000   0.000000   0.000000  0.000000   0.000000   0.000000  0.000000  0.000000   5.882353   0.000000  0.000000   0.000000  10.000000
7    0.000000  0.0   0.000000  14.285714  0.000000   6.451613  10.0  0.000000   7.142857   0.000000  0.000000   0.000000   8.333333  0.000000  0.000000   0.000000   0.000000  0.000000   0.000000   0.000000
8    0.000000  0.0   0.000000   0.000000  7.142857   0.000000  12.5  7.142857   0.000000   0.000000  0.000000   0.000000  10.000000  9.090909  0.000000   4.761905   0.000000  0.000000   0.000000   0.000000
9    0.000000  0.0   0.000000   0.000000  5.882353   6.250000   0.0  0.000000  13.333333   0.000000  0.000000   7.142857   0.000000  0.000000  0.000000   8.333333   6.250000  0.000000   0.000000   0.000000
10   0.000000  0.0   0.000000   0.000000  0.000000   0.000000   0.0  0.000000   0.000000   0.000000  0.000000   0.000000   0.000000  0.000000  0.000000   0.000000  12.500000  0.000000   0.000000   0.000000
11   4.761905  0.0   7.142857   0.000000  7.692308   3.571429   0.0  0.000000   0.000000   7.142857  0.000000   0.000000   0.000000  0.000000  0.000000   0.000000   0.000000  0.000000   0.000000   0.000000
12   0.000000  0.0   0.000000   0.000000  8.333333   0.000000   0.0  8.333333   0.000000   0.000000  0.000000  11.111111   0.000000  0.000000  0.000000   0.000000   0.000000  8.333333   0.000000   0.000000
13   0.000000  0.0   0.000000   0.000000  0.000000   0.000000   0.0  0.000000   0.000000   0.000000  0.000000  10.000000  11.111111  0.000000  0.000000  10.000000   8.333333  0.000000   0.000000   0.000000
14   4.761905  0.0   0.000000   0.000000  0.000000   0.000000   0.0  7.692308   0.000000  14.285714  0.000000   0.000000   0.000000  0.000000  0.000000   0.000000   0.000000  7.692308   0.000000   0.000000
15   3.225806  0.0   0.000000   0.000000  4.347826   5.263158   0.0  4.347826   0.000000  12.500000  0.000000   5.000000   0.000000  0.000000  0.000000   3.333333   4.545455  4.347826   9.523810   4.347826
16   0.000000  0.0   0.000000   0.000000  0.000000  10.000000   0.0  0.000000   0.000000   0.000000  0.000000   0.000000   0.000000  0.000000  8.333333   4.545455   0.000000  0.000000   0.000000  13.333333
17   4.166667  0.0   0.000000   0.000000  6.250000   9.677419   0.0  0.000000   0.000000   0.000000  0.000000   0.000000   0.000000  0.000000  7.692308   4.347826   0.000000  0.000000   0.000000   6.250000
18   0.000000  0.0  20.000000   8.333333  0.000000   0.000000   0.0  0.000000   0.000000   0.000000  0.000000   0.000000   0.000000  9.090909  0.000000   0.000000   0.000000  0.000000   8.333333   0.000000
19   0.000000  0.0   0.000000   7.142857  0.000000   0.000000   0.0  0.000000   7.142857   0.000000  0.000000   0.000000   0.000000  0.000000  7.692308   8.695652   6.666667  0.000000  14.285714   0.000000

Pair-wise preference score for the given sequence:

Formula 2 : 
           A    C         D         E         F         G         H         I         K         L         M         N         P         Q         R         S         T         V         W         Y
0   2.000000  0.0  0.666667  0.000000  0.666667  4.000000  0.000000  0.666667  0.000000  0.000000  0.000000  0.666667  0.666667  0.000000  0.000000  0.000000  0.666667  0.666667  0.000000  0.000000
1   0.000000  0.0  0.000000  0.000000  0.000000  0.000000  0.000000  0.000000  0.000000  0.000000  0.000000  0.000000  0.000000  0.000000  0.000000  0.000000  0.000000  0.000000  0.000000  0.000000
2   0.666667  0.0  0.000000  0.666667  0.000000  0.666667  0.000000  0.000000  0.666667  0.000000  0.000000  0.000000  0.000000  0.666667  0.666667  0.666667  0.000000  0.666667  0.666667  0.000000
3   0.666667  0.0  0.666667  0.000000  0.666667  1.333333  0.000000  0.000000  0.000000  0.000000  0.000000  0.000000  0.000000  0.000000  0.000000  0.666667  0.000000  0.000000  0.000000  0.000000
4   2.000000  0.0  0.000000  0.666667  0.000000  0.000000  0.000000  0.666667  0.000000  0.000000  0.000000  0.000000  0.000000  0.000000  0.000000  0.666667  0.000000  0.666667  0.000000  0.666667
5   2.000000  0.0  2.000000  0.000000  0.000000  0.666667  0.000000  1.333333  0.666667  2.000000  0.666667  0.000000  0.000000  1.333333  0.666667  0.666667  0.666667  1.333333  0.000000  1.333333
6   0.000000  0.0  0.000000  0.000000  0.000000  0.000000  0.000000  0.000000  0.000000  0.000000  0.000000  0.000000  0.000000  0.000000  0.000000  0.666667  0.000000  0.000000  0.000000  0.666667
7   0.000000  0.0  0.000000  1.333333  0.000000  1.333333  0.666667  0.000000  0.666667  0.000000  0.000000  0.000000  0.666667  0.000000  0.000000  0.000000  0.000000  0.000000  0.000000  0.000000
8   0.000000  0.0  0.000000  0.000000  0.666667  0.000000  0.666667  0.666667  0.000000  0.000000  0.000000  0.000000  0.666667  0.666667  0.000000  0.666667  0.000000  0.000000  0.000000  0.000000
9   0.000000  0.0  0.000000  0.000000  0.666667  1.333333  0.000000  0.000000  1.333333  0.000000  0.000000  0.666667  0.000000  0.000000  0.000000  1.333333  0.666667  0.000000  0.000000  0.000000
10  0.000000  0.0  0.000000  0.000000  0.000000  0.000000  0.000000  0.000000  0.000000  0.000000  0.000000  0.000000  0.000000  0.000000  0.000000  0.000000  0.666667  0.000000  0.000000  0.000000
11  0.666667  0.0  0.666667  0.000000  0.666667  0.666667  0.000000  0.000000  0.000000  0.666667  0.000000  0.000000  0.000000  0.000000  0.000000  0.000000  0.000000  0.000000  0.000000  0.000000
12  0.000000  0.0  0.000000  0.000000  0.666667  0.000000  0.000000  0.666667  0.000000  0.000000  0.000000  0.666667  0.000000  0.000000  0.000000  0.000000  0.000000  0.666667  0.000000  0.000000
13  0.000000  0.0  0.000000  0.000000  0.000000  0.000000  0.000000  0.000000  0.000000  0.000000  0.000000  0.666667  0.666667  0.000000  0.000000  1.333333  0.666667  0.000000  0.000000  0.000000
14  0.666667  0.0  0.000000  0.000000  0.000000  0.000000  0.000000  0.666667  0.000000  1.333333  0.000000  0.000000  0.000000  0.000000  0.000000  0.000000  0.000000  0.666667  0.000000  0.000000
15  0.666667  0.0  0.000000  0.000000  0.666667  1.333333  0.000000  0.666667  0.000000  2.000000  0.000000  0.666667  0.000000  0.000000  0.000000  0.666667  0.666667  0.666667  1.333333  0.666667
16  0.000000  0.0  0.000000  0.000000  0.000000  2.000000  0.000000  0.000000  0.000000  0.000000  0.000000  0.000000  0.000000  0.000000  0.666667  0.666667  0.000000  0.000000  0.000000  1.333333
17  0.666667  0.0  0.000000  0.000000  0.666667  2.000000  0.000000  0.000000  0.000000  0.000000  0.000000  0.000000  0.000000  0.000000  0.666667  0.666667  0.000000  0.000000  0.000000  0.666667
18  0.000000  0.0  2.000000  0.666667  0.000000  0.000000  0.000000  0.000000  0.000000  0.000000  0.000000  0.000000  0.000000  0.666667  0.000000  0.000000  0.000000  0.000000  0.666667  0.000000
19  0.000000  0.0  0.000000  0.666667  0.000000  0.000000  0.000000  0.000000  0.666667  0.000000  0.000000  0.000000  0.000000  0.000000  0.666667  1.333333  0.666667  0.000000  1.333333  0.000000

Pair-wise preference score for the given sequence:

Formula 3 : 
           A    C         D         E         F         G         H         I         K         L         M         N         P         Q         R         S          T         V         W         Y
0   1.171875  0.0  0.694444  0.000000  0.781250  1.630435  0.000000  0.781250  0.000000  0.000000  0.000000  1.250000  1.562500  0.000000  0.000000  0.000000   0.892857  0.781250  0.000000  0.000000
1   0.000000  0.0  0.000000  0.000000  0.000000  0.000000  0.000000  0.000000  0.000000  0.000000  0.000000  0.000000  0.000000  0.000000  0.000000  0.000000   0.000000  0.000000  0.000000  0.000000
2   0.694444  0.0  0.000000  1.851852  0.000000  0.483092  0.000000  0.000000  1.851852  0.000000  0.000000  0.000000  0.000000  2.222222  2.222222  0.740741   0.000000  1.388889  1.851852  0.000000
3   1.041667  0.0  1.851852  0.000000  2.083333  1.449275  0.000000  0.000000  0.000000  0.000000  0.000000  0.000000  0.000000  0.000000  0.000000  1.111111   0.000000  0.000000  0.000000  0.000000
4   2.343750  0.0  0.000000  2.083333  0.000000  0.000000  0.000000  1.562500  0.000000  0.000000  0.000000  0.000000  0.000000  0.000000  0.000000  0.833333   0.000000  1.562500  0.000000  1.562500
5   0.815217  0.0  1.449275  0.000000  0.000000  0.189036  0.000000  1.086957  0.724638  1.449275  4.347826  0.000000  0.000000  1.739130  0.869565  0.289855   0.621118  1.086957  0.000000  1.086957
6   0.000000  0.0  0.000000  0.000000  0.000000  0.000000  0.000000  0.000000  0.000000  0.000000  0.000000  0.000000  0.000000  0.000000  0.000000  3.333333   0.000000  0.000000  0.000000  6.250000
7   0.000000  0.0  0.000000  4.166667  0.000000  1.086957  6.250000  0.000000  2.083333  0.000000  0.000000  0.000000  3.125000  0.000000  0.000000  0.000000   0.000000  0.000000  0.000000  0.000000
8   0.000000  0.0  0.000000  0.000000  2.083333  0.000000  8.333333  2.083333  0.000000  0.000000  0.000000  0.000000  4.166667  3.333333  0.000000  1.111111   0.000000  0.000000  0.000000  0.000000
9   0.000000  0.0  0.000000  0.000000  1.388889  0.966184  0.000000  0.000000  3.703704  0.000000  0.000000  2.222222  0.000000  0.000000  0.000000  1.481481   1.587302  0.000000  0.000000  0.000000
10  0.000000  0.0  0.000000  0.000000  0.000000  0.000000  0.000000  0.000000  0.000000  0.000000  0.000000  0.000000  0.000000  0.000000  0.000000  0.000000  14.285714  0.000000  0.000000  0.000000
11  1.250000  0.0  2.222222  0.000000  2.500000  0.869565  0.000000  0.000000  0.000000  2.222222  0.000000  0.000000  0.000000  0.000000  0.000000  0.000000   0.000000  0.000000  0.000000  0.000000
12  0.000000  0.0  0.000000  0.000000  3.125000  0.000000  0.000000  3.125000  0.000000  0.000000  0.000000  5.000000  0.000000  0.000000  0.000000  0.000000   0.000000  3.125000  0.000000  0.000000
13  0.000000  0.0  0.000000  0.000000  0.000000  0.000000  0.000000  0.000000  0.000000  0.000000  0.000000  4.000000  5.000000  0.000000  0.000000  2.666667   2.857143  0.000000  0.000000  0.000000
14  1.250000  0.0  0.000000  0.000000  0.000000  0.000000  0.000000  2.500000  0.000000  4.444444  0.000000  0.000000  0.000000  0.000000  0.000000  0.000000   0.000000  2.500000  0.000000  0.000000
15  0.416667  0.0  0.000000  0.000000  0.833333  0.579710  0.000000  0.833333  0.000000  2.222222  0.000000  1.333333  0.000000  0.000000  0.000000  0.444444   0.952381  0.833333  2.222222  0.833333
16  0.000000  0.0  0.000000  0.000000  0.000000  1.863354  0.000000  0.000000  0.000000  0.000000  0.000000  0.000000  0.000000  0.000000  2.857143  0.952381   0.000000  0.000000  0.000000  3.571429
17  0.781250  0.0  0.000000  0.000000  1.562500  1.630435  0.000000  0.000000  0.000000  0.000000  0.000000  0.000000  0.000000  0.000000  2.500000  0.833333   0.000000  0.000000  0.000000  1.562500
18  0.000000  0.0  5.555556  2.777778  0.000000  0.000000  0.000000  0.000000  0.000000  0.000000  0.000000  0.000000  0.000000  3.333333  0.000000  0.000000   0.000000  0.000000  2.777778  0.000000
19  0.000000  0.0  0.000000  2.083333  0.000000  0.000000  0.000000  0.000000  2.083333  0.000000  0.000000  0.000000  0.000000  0.000000  2.500000  1.666667   1.785714  0.000000  4.166667  0.000000
