+-------+-------+-------+-------+-------+-------+-------+-------+-------+-------+-------+-------+-------+-------+-------+-------+-------+-------+-------+-------+-------+-------+-------+-------+-------+-------+-------+
|     1 |     2 |     3 |     4 |     5 |     6 |     7 |     8 |     9 |    10 |    11 |    12 |    13 |    14 |    15 |    16 |    17 |    18 |    19 |    20 |    21 |    22 |    23 |    24 |    25 |    26 |    27 |
+=======+=======+=======+=======+=======+=======+=======+=======+=======+=======+=======+=======+=======+=======+=======+=======+=======+=======+=======+=======+=======+=======+=======+=======+=======+=======+=======+
| 0     | 0     | 0     | -3.04 | 1.07  | 1.57  | -3.04 | -3.04 | -3.04 | -3.04 | -3.04 | -3.04 | -3.04 | 0     | 0     | 0     | 1.07  | 0     | 1.57  | -3.04 | -3.04 | -3.04 | -3.04 | 1.57  | 1.57  | 1.07  | -3.04 |
+-------+-------+-------+-------+-------+-------+-------+-------+-------+-------+-------+-------+-------+-------+-------+-------+-------+-------+-------+-------+-------+-------+-------+-------+-------+-------+-------+
| -3.04 | -3.04 | -3.04 | -3.04 | -3.04 | -3.04 | -3.04 | -3.04 | -3.04 | 0     | -3.04 | -3.04 | 0     | -3.04 | -3.04 | -3.04 | -3.04 | -3.04 | -3.04 | -3.04 | -3.04 | -3.04 | -3.04 | -3.04 | -3.04 | -3.04 | -3.04 |
+-------+-------+-------+-------+-------+-------+-------+-------+-------+-------+-------+-------+-------+-------+-------+-------+-------+-------+-------+-------+-------+-------+-------+-------+-------+-------+-------+
| 0     | -3.04 | -3.04 | -3.04 | -3.04 | -3.04 | 1.57  | -3.04 | -3.04 | -3.04 | -3.04 | -3.04 | -3.04 | -3.04 | -3.04 | -3.04 | 0     | -3.04 | -3.04 | -3.04 | 0     | -3.04 | 0     | -3.04 | -3.04 | -3.04 | -3.04 |
+-------+-------+-------+-------+-------+-------+-------+-------+-------+-------+-------+-------+-------+-------+-------+-------+-------+-------+-------+-------+-------+-------+-------+-------+-------+-------+-------+
| -3.04 | 0     | -3.04 | -3.04 | -3.04 | -3.04 | -3.04 | -3.04 | -3.04 | -3.04 | -3.04 | -3.04 | -3.04 | -3.04 | 0     | -3.04 | -3.04 | -3.04 | -3.04 | 0     | 1.57  | -3.04 | -3.04 | -3.04 | -3.04 | -3.04 | -3.04 |
+-------+-------+-------+-------+-------+-------+-------+-------+-------+-------+-------+-------+-------+-------+-------+-------+-------+-------+-------+-------+-------+-------+-------+-------+-------+-------+-------+
| -3.04 | -3.04 | -3.04 | -3.04 | -3.04 | -3.04 | -3.04 | -3.04 | -3.04 | -3.04 | -3.04 | -3.04 | -3.04 | -3.04 | -3.04 | -3.04 | -3.04 | -3.04 | -3.04 | -3.04 | -3.04 | 0     | -3.04 | -3.04 | -3.04 | -3.04 | -3.04 |
+-------+-------+-------+-------+-------+-------+-------+-------+-------+-------+-------+-------+-------+-------+-------+-------+-------+-------+-------+-------+-------+-------+-------+-------+-------+-------+-------+
| -3.04 | -3.04 | -3.04 | -3.04 | -3.04 | -3.04 | -3.04 | 0     | -3.04 | -3.04 | -3.04 | -3.04 | 0.67  | -3.04 | -3.04 | 1.35  | 0.67  | -3.04 | -3.04 | 1.57  | -3.04 | -3.04 | 1.35  | -3.04 | -3.04 | -3.04 | -3.04 |
+-------+-------+-------+-------+-------+-------+-------+-------+-------+-------+-------+-------+-------+-------+-------+-------+-------+-------+-------+-------+-------+-------+-------+-------+-------+-------+-------+
| -3.04 | -3.04 | -3.04 | -3.04 | -3.04 | -3.04 | -3.04 | -3.04 | 0     | 0.67  | -3.04 | -3.04 | -3.04 | -3.04 | -3.04 | -3.04 | 0     | 0.67  | -3.04 | -3.04 | -3.04 | -3.04 | -3.04 | -3.04 | -3.04 | -3.04 | -3.04 |
+-------+-------+-------+-------+-------+-------+-------+-------+-------+-------+-------+-------+-------+-------+-------+-------+-------+-------+-------+-------+-------+-------+-------+-------+-------+-------+-------+
| -3.04 | -3.04 | -3.04 | -3.04 | 0     | -3.04 | -3.04 | -3.04 | -3.04 | -3.04 | 0     | -3.04 | -3.04 | -3.04 | -3.04 | -3.04 | -3.04 | 0     | -3.04 | -3.04 | 0     | -3.04 | -3.04 | -3.04 | -3.04 | -3.04 | -3.04 |
+-------+-------+-------+-------+-------+-------+-------+-------+-------+-------+-------+-------+-------+-------+-------+-------+-------+-------+-------+-------+-------+-------+-------+-------+-------+-------+-------+
| -3.04 | 0     | -3.04 | -3.04 | -3.04 | -3.04 | 0     | 1.35  | -3.04 | -3.04 | 0     | 1.9   | 0     | 1.57  | -3.04 | 0     | -3.04 | 0     | -3.04 | -3.04 | -3.04 | 0     | -3.04 | -3.04 | -3.04 | -3.04 | -3.04 |
+-------+-------+-------+-------+-------+-------+-------+-------+-------+-------+-------+-------+-------+-------+-------+-------+-------+-------+-------+-------+-------+-------+-------+-------+-------+-------+-------+
| -3.04 | 0     | 1.57  | 0     | -3.04 | 0     | -3.04 | -3.04 | -3.04 | -3.04 | -3.04 | -3.04 | -3.04 | 0     | -3.04 | 0     | -3.04 | -3.04 | 0     | 0     | -3.04 | -3.04 | 0     | 0     | -3.04 | -3.04 | -3.04 |
+-------+-------+-------+-------+-------+-------+-------+-------+-------+-------+-------+-------+-------+-------+-------+-------+-------+-------+-------+-------+-------+-------+-------+-------+-------+-------+-------+
| 1.57  | -3.04 | -3.04 | -3.04 | -3.04 | -3.04 | -3.04 | -3.04 | -3.04 | -3.04 | -3.04 | -3.04 | -3.04 | -3.04 | -3.04 | -3.04 | -3.04 | -3.04 | -3.04 | -3.04 | -3.04 | -3.04 | -3.04 | -3.04 | -3.04 | -3.04 | -3.04 |
+-------+-------+-------+-------+-------+-------+-------+-------+-------+-------+-------+-------+-------+-------+-------+-------+-------+-------+-------+-------+-------+-------+-------+-------+-------+-------+-------+
| -3.04 | -3.04 | -3.04 | -3.04 | -3.04 | -3.04 | -3.04 | -3.04 | -3.04 | 1.35  | -3.04 | -3.04 | -3.04 | -3.04 | -3.04 | -3.04 | -3.04 | 0.67  | -3.04 | -3.04 | -3.04 | -3.04 | -3.04 | -3.04 | 0     | 0     | -3.04 |
+-------+-------+-------+-------+-------+-------+-------+-------+-------+-------+-------+-------+-------+-------+-------+-------+-------+-------+-------+-------+-------+-------+-------+-------+-------+-------+-------+
| -3.04 | -3.04 | -3.04 | 0     | 0.67  | -3.04 | -3.04 | 0     | 0     | -3.04 | -3.04 | -3.04 | -3.04 | -3.04 | -3.04 | -3.04 | -3.04 | -3.04 | 0     | -3.04 | -3.04 | 0     | -3.04 | -3.04 | -3.04 | -3.04 | -3.04 |
+-------+-------+-------+-------+-------+-------+-------+-------+-------+-------+-------+-------+-------+-------+-------+-------+-------+-------+-------+-------+-------+-------+-------+-------+-------+-------+-------+
| -3.04 | -3.04 | -3.04 | -3.04 | -3.04 | -3.04 | -3.04 | -3.04 | -3.04 | -3.04 | -3.04 | -3.04 | -3.04 | -3.04 | -3.04 | -3.04 | -3.04 | -3.04 | -3.04 | -3.04 | -3.04 | -3.04 | -3.04 | -3.04 | -3.04 | -3.04 | -3.04 |
+-------+-------+-------+-------+-------+-------+-------+-------+-------+-------+-------+-------+-------+-------+-------+-------+-------+-------+-------+-------+-------+-------+-------+-------+-------+-------+-------+
| -3.04 | -3.04 | 0     | -3.04 | -3.04 | 0     | -3.04 | -3.04 | -3.04 | -3.04 | -3.04 | -3.04 | -3.04 | -3.04 | -3.04 | -3.04 | -3.04 | -3.04 | -3.04 | -3.04 | -3.04 | -3.04 | -3.04 | -3.04 | -3.04 | -3.04 | -3.04 |
+-------+-------+-------+-------+-------+-------+-------+-------+-------+-------+-------+-------+-------+-------+-------+-------+-------+-------+-------+-------+-------+-------+-------+-------+-------+-------+-------+
| -3.04 | -3.04 | -3.04 | 1.57  | 0     | -3.04 | -3.04 | -3.04 | -3.04 | -3.04 | -3.04 | -3.04 | 1.07  | -3.04 | 0     | -3.04 | -3.04 | -3.04 | -3.04 | -3.04 | -3.04 | -3.04 | -3.04 | 0     | -3.04 | 0     | 0.67  |
+-------+-------+-------+-------+-------+-------+-------+-------+-------+-------+-------+-------+-------+-------+-------+-------+-------+-------+-------+-------+-------+-------+-------+-------+-------+-------+-------+
| -3.04 | -3.04 | -3.04 | -3.04 | -3.04 | -3.04 | 0     | 0     | 1.35  | -3.04 | -3.04 | -3.04 | -3.04 | -3.04 | -3.04 | -3.04 | -3.04 | -3.04 | -3.04 | -3.04 | -3.04 | -3.04 | -3.04 | -3.04 | 0     | 0.67  | -3.04 |
+-------+-------+-------+-------+-------+-------+-------+-------+-------+-------+-------+-------+-------+-------+-------+-------+-------+-------+-------+-------+-------+-------+-------+-------+-------+-------+-------+
| -3.04 | 1.07  | -3.04 | -3.04 | -3.04 | -3.04 | -3.04 | -3.04 | -3.04 | -3.04 | 1.57  | -3.04 | -3.04 | -3.04 | 1.35  | -3.04 | -3.04 | -3.04 | -3.04 | -3.04 | -3.04 | -3.04 | -3.04 | -3.04 | -3.04 | -3.04 | 0     |
+-------+-------+-------+-------+-------+-------+-------+-------+-------+-------+-------+-------+-------+-------+-------+-------+-------+-------+-------+-------+-------+-------+-------+-------+-------+-------+-------+
| -3.04 | -3.04 | -3.04 | -3.04 | -3.04 | -3.04 | -3.04 | -3.04 | -3.04 | -3.04 | -3.04 | -3.04 | -3.04 | -3.04 | -3.04 | -3.04 | -3.04 | -3.04 | -3.04 | -3.04 | -3.04 | 0     | 0     | -3.04 | -3.04 | -3.04 | 1.35  |
+-------+-------+-------+-------+-------+-------+-------+-------+-------+-------+-------+-------+-------+-------+-------+-------+-------+-------+-------+-------+-------+-------+-------+-------+-------+-------+-------+
| -3.04 | -3.04 | -3.04 | -3.04 | -3.04 | -3.04 | -3.04 | -3.04 | 0     | -3.04 | -3.04 | -3.04 | -3.04 | -3.04 | -3.04 | -3.04 | -3.04 | -3.04 | -3.04 | -3.04 | -3.04 | 1.07  | -3.04 | -3.04 | -3.04 | -3.04 | -3.04 |
+-------+-------+-------+-------+-------+-------+-------+-------+-------+-------+-------+-------+-------+-------+-------+-------+-------+-------+-------+-------+-------+-------+-------+-------+-------+-------+-------+
