   14
tr|E1K4V0|  0.000000  2.587800  2.398701  2.623458  3.305082  3.050220
  2.602183  3.217447  2.906413  3.426832  2.428163  2.639554  4.010298
  3.759319
tr|E1K6G0|  2.587800  0.000000  1.892264  2.527837  3.222284  3.351233
  3.597508  2.600745  2.599057  3.635297  2.964309  2.978831  3.977564
  4.118437
tr|E1K572|  2.398701  1.892264  0.000000  2.531442  2.877046  2.732601
  2.678924  3.060367  2.543648  2.994087  2.972992  2.951097  3.901872
  4.208282
tr|E1K541|  2.623458  2.527837  2.531442  0.000000  1.488754  1.350478
  1.888279  2.647692  2.704268  3.544831  2.374479  2.647775  3.805668
  4.204963
tr|F2L4F0|  3.305082  3.222284  2.877046  1.488754  0.000000  0.906366
  1.970682  3.091977  2.902675  3.279202  2.675091  2.737921  4.210758
  5.345152
tr|F4B9Y8|  3.050220  3.351233  2.732601  1.350478  0.906366  0.000000
  2.000596  3.194625  2.857648  3.668460  2.470490  3.023663  5.124954
  5.604213
tr|E7QXB8|  2.602183  3.597508  2.678924  1.888279  1.970682  2.000596
  0.000000  2.908830  2.652117  2.719009  1.947630  2.299264  3.374751
  4.032178
tr|D2S1E6|  3.217447  2.600745  3.060367  2.647692  3.091977  3.194625
  2.908830  0.000000  0.792687  2.569692  2.440501  2.756663  4.631456
  5.052529
tr|D2S1F8|  2.906413  2.599057  2.543648  2.704268  2.902675  2.857648
  2.652117  0.792687  0.000000  2.321506  1.835701  2.524688  3.926298
  4.253332
tr|E7QZB7|  3.426832  3.635297  2.994087  3.544831  3.279202  3.668460
  2.719009  2.569692  2.321506  0.000000  2.613173  2.757772  3.273730
  3.298749
tr|E7QZC9|  2.428163  2.964309  2.972992  2.374479  2.675091  2.470490
  1.947630  2.440501  1.835701  2.613173  0.000000  2.298957  3.092661
  3.504791
tr|E7QQB9|  2.639554  2.978831  2.951097  2.647775  2.737921  3.023663
  2.299264  2.756663  2.524688  2.757772  2.298957  0.000000  2.755569
  2.904959
tr|D2S0D9|  4.010298  3.977564  3.901872  3.805668  4.210758  5.124954
  3.374751  4.631456  3.926298  3.273730  3.092661  2.755569  0.000000
  0.136623
tr|E7QVD7|  3.759319  4.118437  4.208282  4.204963  5.345152  5.604213
  4.032178  5.052529  4.253332  3.298749  3.504791  2.904959  0.136623
  0.000000
   14
tr|E1K4V0|  0.000000  1.966623  1.905646  1.984790  2.060939  2.124666
  2.286471  2.797057  2.621084  2.644593  2.289725  2.815732  2.707522
  2.657441
tr|E1K6G0|  1.966623  0.000000  1.979452  2.098607  2.727446  2.311057
  2.888983  2.440053  2.950859  3.790589  3.034863  3.028152  3.475077
  3.465480
tr|E1K572|  1.905646  1.979452  0.000000  2.306228  3.000635  2.661965
  2.456392  2.830667  2.875944  2.912377  2.575288  3.578917  3.387942
  3.560507
tr|E1K541|  1.984790  2.098607  2.306228  0.000000  1.272819  1.133331
  2.148801  2.243764  2.244392  2.641180  2.339843  2.489281  2.950572
  2.902468
tr|F2L4F0|  2.060939  2.727446  3.000635  1.272819  0.000000  0.755236
  2.178776  2.775989  2.652571  3.200153  2.803692  2.561305  3.215486
  3.334093
tr|F4B9Y8|  2.124666  2.311057  2.661965  1.133331  0.755236  0.000000
  2.228195  2.729828  2.589790  3.145592  2.432525  2.772069  3.442149
  3.248978
tr|E7QXB8|  2.286471  2.888983  2.456392  2.148801  2.178776  2.228195
  0.000000  1.966850  2.203486  2.337021  1.986640  2.633312  3.351859
  3.441453
tr|D2S1E6|  2.797057  2.440053  2.830667  2.243764  2.775989  2.729828
  1.966850  0.000000  0.653773  2.265403  2.251811  2.492283  3.409870
  3.445919
tr|D2S1F8|  2.621084  2.950859  2.875944  2.244392  2.652571  2.589790
  2.203486  0.653773  0.000000  2.068247  1.826786  2.567546  3.300186
  2.963184
tr|E7QZB7|  2.644593  3.790589  2.912377  2.641180  3.200153  3.145592
  2.337021  2.265403  2.068247  0.000000  2.008310  2.825519  2.642970
  2.580958
tr|E7QZC9|  2.289725  3.034863  2.575288  2.339843  2.803692  2.432525
  1.986640  2.251811  1.826786  2.008310  0.000000  2.445492  2.500810
  2.377376
tr|E7QQB9|  2.815732  3.028152  3.578917  2.489281  2.561305  2.772069
  2.633312  2.492283  2.567546  2.825519  2.445492  0.000000  3.227894
  2.999443
tr|D2S0D9|  2.707522  3.475077  3.387942  2.950572  3.215486  3.442149
  3.351859  3.409870  3.300186  2.642970  2.500810  3.227894  0.000000
  0.114242
tr|E7QVD7|  2.657441  3.465480  3.560507  2.902468  3.334093  3.248978
  3.441453  3.445919  2.963184  2.580958  2.377376  2.999443  0.114242
  0.000000
   14
tr|E1K4V0|  0.000000  2.325350  2.703977  2.513648  3.068944  3.515501
  2.692728  2.924870  2.453805  3.390387  2.652081  2.382204  3.248098
  3.106367
tr|E1K6G0|  2.325350  0.000000  2.803507  3.031261  4.040689  3.801974
  3.728118  2.440849  2.788307  4.874323  2.733023  2.757007  6.175792
  5.966701
tr|E1K572|  2.703977  2.803507  0.000000  2.804138  3.502345  3.492397
  2.710722  3.725650  3.698933  2.710344  3.559490  3.001597  3.947140
  3.791689
tr|E1K541|  2.513648  3.031261  2.804138  0.000000  1.675150  1.698601
  2.321388  3.648072  3.127841  3.741168  3.802882  2.726595  3.046901
  3.007009
tr|F2L4F0|  3.068944  4.040689  3.502345  1.675150  0.000000  0.976652
  2.198141  3.478742  3.357000  4.031870  3.132917  2.486968  4.148590
  4.051307
tr|F4B9Y8|  3.515501  3.801974  3.492397  1.698601  0.976652  0.000000
  2.273051  3.910011  3.602262  4.343871  3.927582  2.947228  4.909405
  4.690656
tr|E7QXB8|  2.692728  3.728118  2.710722  2.321388  2.198141  2.273051
  0.000000  2.271461  2.445552  2.430530  1.866749  2.800651  3.168569
  3.163499
tr|D2S1E6|  2.924870  2.440849  3.725650  3.648072  3.478742  3.910011
  2.271461  0.000000  0.791617  2.301919  2.127674  2.939499  3.203941
  3.238362
tr|D2S1F8|  2.453805  2.788307  3.698933  3.127841  3.357000  3.602262
  2.445552  0.791617  0.000000  1.967289  1.917612  2.356014  3.295233
  3.535422
tr|E7QZB7|  3.390387  4.874323  2.710344  3.741168  4.031870  4.343871
  2.430530  2.301919  1.967289  0.000000  1.933635  3.041298  2.779039
  2.727527
tr|E7QZC9|  2.652081  2.733023  3.559490  3.802882  3.132917  3.927582
  1.866749  2.127674  1.917612  1.933635  0.000000  2.461482  2.959752
  3.007138
tr|E7QQB9|  2.382204  2.757007  3.001597  2.726595  2.486968  2.947228
  2.800651  2.939499  2.356014  3.041298  2.461482  0.000000  3.306617
  3.139615
tr|D2S0D9|  3.248098  6.175792  3.947140  3.046901  4.148590  4.909405
  3.168569  3.203941  3.295233  2.779039  2.959752  3.306617  0.000000
  0.084724
tr|E7QVD7|  3.106367  5.966701  3.791689  3.007009  4.051307  4.690656
  3.163499  3.238362  3.535422  2.727527  3.007138  3.139615  0.084724
  0.000000
   14
tr|E1K4V0|  0.000000  2.160301  2.867206  2.458071  3.573582  3.521576
  2.793256  3.560846  3.359026  2.900344  2.758656  2.739971  2.798884
  2.864772
tr|E1K6G0|  2.160301  0.000000  1.925785  2.887682  4.274466  3.877878
  3.291671  2.672796  2.879696  3.918116  2.616675  2.867567  3.875821
  3.961987
tr|E1K572|  2.867206  1.925785  0.000000  2.815376  3.575939  2.813482
  3.161051  3.443805  3.549553  3.345274  3.521524  3.105573  3.157347
  3.287678
tr|E1K541|  2.458071  2.887682  2.815376  0.000000  1.531736  1.640460
  2.804647  3.019288  2.975872  2.906258  3.752200  2.769091  3.402564
  3.543409
tr|F2L4F0|  3.573582  4.274466  3.575939  1.531736  0.000000  0.845791
  2.469948  3.485714  2.748701  3.970640  3.100089  2.906904  3.877223
  3.781704
tr|F4B9Y8|  3.521576  3.877878  2.813482  1.640460  0.845791  0.000000
  2.721949  3.817910  3.325248  4.019850  3.473989  2.996233  3.667757
  3.573387
tr|E7QXB8|  2.793256  3.291671  3.161051  2.804647  2.469948  2.721949
  0.000000  2.807095  2.966197  1.864717  2.285795  2.733070  3.139733
  3.117963
tr|D2S1E6|  3.560846  2.672796  3.443805  3.019288  3.485714  3.817910
  2.807095  0.000000  0.889265  3.094775  2.077374  2.734044  3.710776
  3.836037
tr|D2S1F8|  3.359026  2.879696  3.549553  2.975872  2.748701  3.325248
  2.966197  0.889265  0.000000  2.717397  2.169068  2.703310  3.309996
  3.363651
tr|E7QZB7|  2.900344  3.918116  3.345274  2.906258  3.970640  4.019850
  1.864717  3.094775  2.717397  0.000000  2.259305  2.907046  2.973163
  2.778914
tr|E7QZC9|  2.758656  2.616675  3.521524  3.752200  3.100089  3.473989
  2.285795  2.077374  2.169068  2.259305  0.000000  2.103986  2.661664
  2.710555
tr|E7QQB9|  2.739971  2.867567  3.105573  2.769091  2.906904  2.996233
  2.733070  2.734044  2.703310  2.907046  2.103986  0.000000  2.911504
  2.922635
tr|D2S0D9|  2.798884  3.875821  3.157347  3.402564  3.877223  3.667757
  3.139733  3.710776  3.309996  2.973163  2.661664  2.911504  0.000000
  0.092365
tr|E7QVD7|  2.864772  3.961987  3.287678  3.543409  3.781704  3.573387
  3.117963  3.836037  3.363651  2.778914  2.710555  2.922635  0.092365
  0.000000
   14
tr|E1K4V0|  0.000000  2.040415  2.695176  2.265878  3.110028  2.943343
  2.602224  2.825335  2.552612  3.557255  2.821336  2.976365  3.656678
  3.296366
tr|E1K6G0|  2.040415  0.000000  2.164342  2.361542  3.385250  2.829160
  3.108420  2.835037  3.007515  4.026854  3.473218  2.827236  3.674149
  3.617196
tr|E1K572|  2.695176  2.164342  0.000000  2.546828  3.268644  3.111451
  2.805298  3.247213  3.679525  3.714408  3.812739  3.277550  4.983272
  5.219165
tr|E1K541|  2.265878  2.361542  2.546828  0.000000  1.457201  1.161581
  2.434433  3.075925  3.003344  4.154677  3.039412  2.945162  3.683096
  3.654986
tr|F2L4F0|  3.110028  3.385250  3.268644  1.457201  0.000000  0.802544
  2.145704  3.321829  2.893182  3.610962  3.360773  2.853179  4.885955
  5.444615
tr|F4B9Y8|  2.943343  2.829160  3.111451  1.161581  0.802544  0.000000
  2.315448  3.682553  3.632641  3.448292  3.343700  3.262322  4.077805
  4.216036
tr|E7QXB8|  2.602224  3.108420  2.805298  2.434433  2.145704  2.315448
  0.000000  2.399184  2.633386  2.417338  2.184612  2.753597  3.365946
  3.541893
tr|D2S1E6|  2.825335  2.835037  3.247213  3.075925  3.321829  3.682553
  2.399184  0.000000  0.755833  2.948275  2.315689  3.122946  3.427679
  3.419192
tr|D2S1F8|  2.552612  3.007515  3.679525  3.003344  2.893182  3.632641
  2.633386  0.755833  0.000000  2.919536  1.856807  2.939817  4.202935
  4.190773
tr|E7QZB7|  3.557255  4.026854  3.714408  4.154677  3.610962  3.448292
  2.417338  2.948275  2.919536  0.000000  2.304114  3.003458  2.869966
  2.967335
tr|E7QZC9|  2.821336  3.473218  3.812739  3.039412  3.360773  3.343700
  2.184612  2.315689  1.856807  2.304114  0.000000  2.318502  2.571774
  2.695905
tr|E7QQB9|  2.976365  2.827236  3.277550  2.945162  2.853179  3.262322
  2.753597  3.122946  2.939817  3.003458  2.318502  0.000000  3.156424
  3.140642
tr|D2S0D9|  3.656678  3.674149  4.983272  3.683096  4.885955  4.077805
  3.365946  3.427679  4.202935  2.869966  2.571774  3.156424  0.000000
  0.092773
tr|E7QVD7|  3.296366  3.617196  5.219165  3.654986  5.444615  4.216036
  3.541893  3.419192  4.190773  2.967335  2.695905  3.140642  0.092773
  0.000000
   14
tr|E1K4V0|  0.000000  1.638082  2.368454  2.150291  2.359424  2.279831
  2.550454  3.168313  3.130709  2.866206  2.594615  2.543527  2.807206
  2.657889
tr|E1K6G0|  1.638082  0.000000  1.733787  2.097667  2.662669  2.279402
  2.484974  2.416659  2.766435  4.160750  2.892483  2.992613  3.507082
  3.450118
tr|E1K572|  2.368454  1.733787  0.000000  2.323444  2.625627  2.702881
  2.070000  3.175017  3.387282  3.352205  2.782214  3.149841  3.399632
  3.611479
tr|E1K541|  2.150291  2.097667  2.323444  0.000000  1.191948  1.168075
  2.122282  3.077436  3.166546  2.914087  2.842179  2.762063  3.285861
  3.130834
tr|F2L4F0|  2.359424  2.662669  2.625627  1.191948  0.000000  0.719901
  2.260913  3.076017  3.668052  3.361186  2.463189  2.522912  3.333020
  3.219724
tr|F4B9Y8|  2.279831  2.279402  2.702881  1.168075  0.719901  0.000000
  2.149755  3.566317  3.992503  3.678431  2.548089  2.598864  3.364005
  3.261861
tr|E7QXB8|  2.550454  2.484974  2.070000  2.122282  2.260913  2.149755
  0.000000  2.241053  2.730977  2.247314  1.913281  2.394551  2.758860
  2.959010
tr|D2S1E6|  3.168313  2.416659  3.175017  3.077436  3.076017  3.566317
  2.241053  0.000000  0.957370  2.394741  1.876746  2.378479  3.001271
  2.996113
tr|D2S1F8|  3.130709  2.766435  3.387282  3.166546  3.668052  3.992503
  2.730977  0.957370  0.000000  2.049386  1.736325  2.227471  3.178455
  3.312439
tr|E7QZB7|  2.866206  4.160750  3.352205  2.914087  3.361186  3.678431
  2.247314  2.394741  2.049386  0.000000  1.714382  2.828154  2.820009
  2.833502
tr|E7QZC9|  2.594615  2.892483  2.782214  2.842179  2.463189  2.548089
  1.913281  1.876746  1.736325  1.714382  0.000000  1.725580  2.100868
  2.097450
tr|E7QQB9|  2.543527  2.992613  3.149841  2.762063  2.522912  2.598864
  2.394551  2.378479  2.227471  2.828154  1.725580  0.000000  2.806891
  2.530357
tr|D2S0D9|  2.807206  3.507082  3.399632  3.285861  3.333020  3.364005
  2.758860  3.001271  3.178455  2.820009  2.100868  2.806891  0.000000
  0.103693
tr|E7QVD7|  2.657889  3.450118  3.611479  3.130834  3.219724  3.261861
  2.959010  2.996113  3.312439  2.833502  2.097450  2.530357  0.103693
  0.000000
   14
tr|E1K4V0|  0.000000  2.557426  2.370648  2.302971  2.539143  2.495992
  3.289101  3.025500  2.729927  3.224432  2.871424  2.746438  3.444331
  3.252139
tr|E1K6G0|  2.557426  0.000000  2.029542  2.334909  2.882779  2.598204
  3.835820  3.489546  3.745282  4.014721  3.173046  3.175242  4.065837
  4.044402
tr|E1K572|  2.370648  2.029542  0.000000  1.991627  2.336875  2.354924
  2.407229  3.373081  3.165076  2.811905  2.963832  2.606561  3.316371
  3.458419
tr|E1K541|  2.302971  2.334909  1.991627  0.000000  1.216755  1.155137
  2.223935  2.898393  2.865783  2.955221  2.527739  2.363894  3.211069
  3.270679
tr|F2L4F0|  2.539143  2.882779  2.336875  1.216755  0.000000  0.738159
  2.185206  2.875309  2.791951  2.741605  2.507217  2.373062  3.113023
  3.556267
tr|F4B9Y8|  2.495992  2.598204  2.354924  1.155137  0.738159  0.000000
  2.027323  3.117774  3.054170  2.861159  2.488892  2.493923  3.575525
  3.809914
tr|E7QXB8|  3.289101  3.835820  2.407229  2.223935  2.185206  2.027323
  0.000000  2.290831  2.560893  2.084394  1.978170  1.929894  2.714194
  2.956709
tr|D2S1E6|  3.025500  3.489546  3.373081  2.898393  2.875309  3.117774
  2.290831  0.000000  0.833741  2.381769  2.361886  2.328341  3.038995
  3.109849
tr|D2S1F8|  2.729927  3.745282  3.165076  2.865783  2.791951  3.054170
  2.560893  0.833741  0.000000  2.488757  2.004945  2.177501  3.246838
  3.022312
tr|E7QZB7|  3.224432  4.014721  2.811905  2.955221  2.741605  2.861159
  2.084394  2.381769  2.488757  0.000000  2.125602  2.562320  2.235324
  2.304735
tr|E7QZC9|  2.871424  3.173046  2.963832  2.527739  2.507217  2.488892
  1.978170  2.361886  2.004945  2.125602  0.000000  2.070341  2.857959
  2.852191
tr|E7QQB9|  2.746438  3.175242  2.606561  2.363894  2.373062  2.493923
  1.929894  2.328341  2.177501  2.562320  2.070341  0.000000  2.553750
  2.574047
tr|D2S0D9|  3.444331  4.065837  3.316371  3.211069  3.113023  3.575525
  2.714194  3.038995  3.246838  2.235324  2.857959  2.553750  0.000000
  0.144203
tr|E7QVD7|  3.252139  4.044402  3.458419  3.270679  3.556267  3.809914
  2.956709  3.109849  3.022312  2.304735  2.852191  2.574047  0.144203
  0.000000
   14
tr|E1K4V0|  0.000000  2.193758  2.569474  2.415668  2.939374  2.759768
  2.594657  2.459169  2.394594  2.927118  2.563036  2.507369  3.170252
  2.995446
tr|E1K6G0|  2.193758  0.000000  2.060951  2.095453  2.598712  2.552541
  3.260148  2.839496  2.828163  3.634372  2.715972  3.373538  3.738243
  3.593024
tr|E1K572|  2.569474  2.060951  0.000000  2.456176  3.098022  2.768376
  2.884320  4.055969  3.511161  3.270462  3.820405  4.231076  4.182701
  4.081162
tr|E1K541|  2.415668  2.095453  2.456176  0.000000  1.328096  1.189993
  2.467361  2.911075  3.207685  2.737226  3.466541  3.155025  3.116983
  3.125163
tr|F2L4F0|  2.939374  2.598712  3.098022  1.328096  0.000000  0.771911
  2.245785  3.109493  3.126745  3.207249  2.532339  3.185466  3.796273
  3.783920
tr|F4B9Y8|  2.759768  2.552541  2.768376  1.189993  0.771911  0.000000
  2.442344  3.237842  3.399158  3.465801  2.683309  3.061090  4.411357
  4.300698
tr|E7QXB8|  2.594657  3.260148  2.884320  2.467361  2.245785  2.442344
  0.000000  2.149469  2.187702  1.614284  1.904722  2.375591  2.953860
  3.187114
tr|D2S1E6|  2.459169  2.839496  4.055969  2.911075  3.109493  3.237842
  2.149469  0.000000  0.737132  2.191939  2.097821  2.254289  3.564453
  3.506192
tr|D2S1F8|  2.394594  2.828163  3.511161  3.207685  3.126745  3.399158
  2.187702  0.737132  0.000000  2.047717  1.883179  2.130957  3.558852
  3.494478
tr|E7QZB7|  2.927118  3.634372  3.270462  2.737226  3.207249  3.465801
  1.614284  2.191939  2.047717  0.000000  1.795866  2.182014  2.400370
  2.426189
tr|E7QZC9|  2.563036  2.715972  3.820405  3.466541  2.532339  2.683309
  1.904722  2.097821  1.883179  1.795866  0.000000  2.014019  2.679569
  2.620935
tr|E7QQB9|  2.507369  3.373538  4.231076  3.155025  3.185466  3.061090
  2.375591  2.254289  2.130957  2.182014  2.014019  0.000000  3.346842
  3.281275
tr|D2S0D9|  3.170252  3.738243  4.182701  3.116983  3.796273  4.411357
  2.953860  3.564453  3.558852  2.400370  2.679569  3.346842  0.000000
  0.123892
tr|E7QVD7|  2.995446  3.593024  4.081162  3.125163  3.783920  4.300698
  3.187114  3.506192  3.494478  2.426189  2.620935  3.281275  0.123892
  0.000000
   14
tr|E1K4V0|  0.000000  2.108362  2.475665  2.264765  2.575293  2.575195
  2.475537  2.948116  2.620879  2.933226  2.464100  2.274253  2.647949
  2.692862
tr|E1K6G0|  2.108362  0.000000  2.526942  2.130357  2.936318  2.518731
  2.632583  2.694215  2.978080  3.297688  2.319827  2.157751  4.439434
  4.031557
tr|E1K572|  2.475665  2.526942  0.000000  2.480531  3.003508  3.259778
  2.350957  4.104794  3.598223  3.000017  3.371785  3.164741  4.149034
  4.131497
tr|E1K541|  2.264765  2.130357  2.480531  0.000000  1.113677  1.055561
  2.231494  3.383249  3.284576  3.663483  3.158590  2.608069  3.264465
  3.120712
tr|F2L4F0|  2.575293  2.936318  3.003508  1.113677  0.000000  0.654670
  2.071019  4.000680  3.469284  3.654596  3.047200  2.364551  3.372745
  3.203081
tr|F4B9Y8|  2.575195  2.518731  3.259778  1.055561  0.654670  0.000000
  2.339186  4.283872  3.702685  4.032528  3.179170  2.601867  3.233693
  3.031592
tr|E7QXB8|  2.475537  2.632583  2.350957  2.231494  2.071019  2.339186
  0.000000  2.407638  2.470812  2.066743  2.023691  2.467589  3.332203
  3.108942
tr|D2S1E6|  2.948116  2.694215  4.104794  3.383249  4.000680  4.283872
  2.407638  0.000000  0.708488  2.939665  2.219650  2.585575  3.135529
  3.130802
tr|D2S1F8|  2.620879  2.978080  3.598223  3.284576  3.469284  3.702685
  2.470812  0.708488  0.000000  2.196398  1.845994  2.200271  2.962516
  3.090818
tr|E7QZB7|  2.933226  3.297688  3.000017  3.663483  3.654596  4.032528
  2.066743  2.939665  2.196398  0.000000  1.964988  2.576885  2.989893
  2.946015
tr|E7QZC9|  2.464100  2.319827  3.371785  3.158590  3.047200  3.179170
  2.023691  2.219650  1.845994  1.964988  0.000000  1.702336  2.467214
  2.592466
tr|E7QQB9|  2.274253  2.157751  3.164741  2.608069  2.364551  2.601867
  2.467589  2.585575  2.200271  2.576885  1.702336  0.000000  2.537050
  2.580890
tr|D2S0D9|  2.647949  4.439434  4.149034  3.264465  3.372745  3.233693
  3.332203  3.135529  2.962516  2.989893  2.467214  2.537050  0.000000
  0.113958
tr|E7QVD7|  2.692862  4.031557  4.131497  3.120712  3.203081  3.031592
  3.108942  3.130802  3.090818  2.946015  2.592466  2.580890  0.113958
  0.000000
   14
tr|E1K4V0|  0.000000  1.902225  1.912236  2.513092  3.599679  3.464504
  2.660720  2.878160  2.770305  3.413211  2.834418  2.906839  3.770556
  3.543401
tr|E1K6G0|  1.902225  0.000000  1.697604  2.592686  2.901275  2.830503
  2.942128  2.506547  2.635279  3.804955  2.746637  2.580902  3.759423
  3.571533
tr|E1K572|  1.912236  1.697604  0.000000  2.415466  2.584960  2.864192
  2.058029  3.698575  3.695613  3.403026  3.284451  3.134233  4.984803
  5.378641
tr|E1K541|  2.513092  2.592686  2.415466  0.000000  1.395532  1.181172
  2.637391  3.411407  3.409582  3.800128  3.503459  3.228429  4.057620
  3.702394
tr|F2L4F0|  3.599679  2.901275  2.584960  1.395532  0.000000  0.682640
  2.279371  3.274666  3.403088  3.889106  3.606766  2.924037  4.465340
  4.692199
tr|F4B9Y8|  3.464504  2.830503  2.864192  1.181172  0.682640  0.000000
  2.498702  3.793950  4.087974  3.986328  3.981244  3.206441  5.109490
  4.860367
tr|E7QXB8|  2.660720  2.942128  2.058029  2.637391  2.279371  2.498702
  0.000000  2.560580  3.092556  1.977513  2.483640  2.630675  3.710434
  3.893736
tr|D2S1E6|  2.878160  2.506547  3.698575  3.411407  3.274666  3.793950
  2.560580  0.000000  0.730832  2.224789  2.395711  2.545105  4.223785
  3.797483
tr|D2S1F8|  2.770305  2.635279  3.695613  3.409582  3.403088  4.087974
  3.092556  0.730832  0.000000  2.050912  2.336341  2.610316  5.804567
  5.045970
tr|E7QZB7|  3.413211  3.804955  3.403026  3.800128  3.889106  3.986328
  1.977513  2.224789  2.050912  0.000000  1.754176  2.627046  3.981133
  3.997850
tr|E7QZC9|  2.834418  2.746637  3.284451  3.503459  3.606766  3.981244
  2.483640  2.395711  2.336341  1.754176  0.000000  2.387560  3.362720
  3.322524
tr|E7QQB9|  2.906839  2.580902  3.134233  3.228429  2.924037  3.206441
  2.630675  2.545105  2.610316  2.627046  2.387560  0.000000  5.114506
  4.524670
tr|D2S0D9|  3.770556  3.759423  4.984803  4.057620  4.465340  5.109490
  3.710434  4.223785  5.804567  3.981133  3.362720  5.114506  0.000000
  0.119702
tr|E7QVD7|  3.543401  3.571533  5.378641  3.702394  4.692199  4.860367
  3.893736  3.797483  5.045970  3.997850  3.322524  4.524670  0.119702
  0.000000
